0.000000 1.000000 
0.052471 0.947529 
0.101435 0.898565 
0.147263 0.852737 
0.190271 0.809729 
0.230728 0.769272 
0.268867 0.731133 
0.304890 0.695110 
0.338975 0.661025 
0.371277 0.628723 
0.401934 0.598066 
0.431070 0.568930 
0.458794 0.541206 
0.485205 0.514795 
0.510393 0.489607 
0.534439 0.465561 
0.557417 0.442583 
0.579395 0.420605 
0.600434 0.399566 
0.620591 0.379409 
0.639920 0.360080 
0.658469 0.341531 
0.676284 0.323716 
0.693408 0.306592 
0.709878 0.290122 
0.725734 0.274266 
0.741010 0.258990 
0.755739 0.244261 
0.769952 0.230048 
0.783678 0.216322 
0.796946 0.203054 
0.809782 0.190218 
0.822212 0.177788 
0.834259 0.165741 
0.845948 0.154052 
0.857300 0.142700 
0.868336 0.131664 
0.879077 0.120923 
0.889544 0.110456 
0.899754 0.100246 
0.909726 0.090274 
0.919479 0.080521 
0.929028 0.070972 
0.938391 0.061609 
0.947584 0.052416 
0.956622 0.043378 
0.965520 0.034480 
0.974293 0.025707 
0.982955 0.017045 
0.991520 0.008480 
1.000000 0.000000 
