16350.000000 20407.000000
16379.000000 20396.000000
16477.000000 20386.000000
16584.000000 20377.000000
16625.000000 20368.000000
16607.000000 20376.000000
16691.000000 20348.000000
16658.000000 20355.000000
16718.000000 20343.000000
16723.000000 20338.000000
16745.000000 20337.000000
16776.000000 20320.000000
16794.000000 20307.000000
16786.000000 20311.000000
16821.000000 20306.000000
16894.000000 20294.000000
16879.000000 20301.000000
16946.000000 20286.000000
16920.000000 20288.000000
16974.000000 20278.000000
17031.000000 20264.000000
17063.000000 20254.000000
17121.000000 20249.000000
17132.000000 20248.000000
17153.000000 20241.000000
17263.000000 20196.000000
17243.000000 20210.000000
17267.000000 20190.000000
17301.000000 20189.000000
17265.000000 20193.000000
17261.000000 20204.000000
17332.000000 20183.000000
17307.000000 20188.000000
17627.000000 20024.000000
17659.000000 19997.000000
17655.000000 20006.000000
17645.000000 20011.000000
17582.000000 20031.000000
17673.000000 19979.000000
17722.000000 19961.000000
17717.000000 19970.000000
17784.000000 19947.000000
17830.000000 19915.000000
17802.000000 19924.000000
17839.000000 19904.000000
17895.000000 19894.000000
17887.000000 19898.000000
17917.000000 19867.000000
17926.000000 19863.000000
17908.000000 19887.000000
17916.000000 19876.000000
17964.000000 19851.000000
17934.000000 19859.000000
18004.000000 19811.000000
18013.000000 19802.000000
18010.000000 19810.000000
18033.000000 19799.000000
18064.000000 19777.000000
18066.000000 19776.000000
18061.000000 19788.000000
18091.000000 19763.000000
18085.000000 19765.000000
18115.000000 19760.000000
18140.000000 19733.000000
18155.000000 19729.000000
18137.000000 19751.000000
18175.000000 19718.000000
18221.000000 19695.000000
18196.000000 19701.000000
18191.000000 19710.000000
18253.000000 19673.000000
18252.000000 19680.000000
18271.000000 19645.000000
18280.000000 19639.000000
18298.000000 19620.000000
18326.000000 19599.000000
18317.000000 19610.000000
18334.000000 19598.000000
18343.000000 19595.000000
18347.000000 19593.000000
18338.000000 19596.000000
18374.000000 19580.000000
18361.000000 19584.000000
18456.000000 19522.000000
18469.000000 19498.000000
18494.000000 19475.000000
18495.000000 19467.000000
18489.000000 19487.000000
18497.000000 19464.000000
18513.000000 19460.000000
18519.000000 19453.000000
18613.000000 19397.000000
18608.000000 19405.000000
18677.000000 19366.000000
18657.000000 19391.000000
18575.000000 19427.000000
18584.000000 19414.000000
18599.000000 19413.000000
18620.000000 19395.000000
18706.000000 19325.000000
18714.000000 19316.000000
18701.000000 19334.000000
18748.000000 19312.000000
18868.000000 19186.000000
18882.000000 19170.000000
18856.000000 19202.000000
18909.000000 19136.000000
18905.000000 19157.000000
18908.000000 19146.000000
18906.000000 19147.000000
18549.000000 19450.000000
18583.000000 19423.000000
18702.000000 19332.000000
18787.000000 19286.000000
18766.000000 19308.000000
18794.000000 19270.000000
18802.000000 19253.000000
18810.000000 19250.000000
18822.000000 19226.000000
19076.000000 18945.000000
19095.000000 18899.000000
19101.000000 18886.000000
19091.000000 18913.000000
19105.000000 18884.000000
19147.000000 18872.000000
19167.000000 18838.000000
19174.000000 18832.000000
19162.000000 18863.000000
19169.000000 18834.000000
19190.000000 18813.000000
19175.000000 18829.000000
19182.000000 18825.000000
19184.000000 18821.000000
19198.000000 18807.000000
19211.000000 18793.000000
19402.000000 18435.000000
19423.000000 18430.000000
19504.000000 18362.000000
19490.000000 18372.000000
19480.000000 18388.000000
19486.000000 18374.000000
19498.000000 18365.000000
19506.000000 18353.000000
19512.000000 18340.000000
19523.000000 18337.000000
19528.000000 18316.000000
19545.000000 18285.000000
19546.000000 18276.000000
19540.000000 18301.000000
19544.000000 18290.000000
19567.000000 18266.000000
19569.000000 18237.000000
19584.000000 18221.000000
19601.000000 18169.000000
19508.000000 18342.000000
19628.000000 18070.000000
19631.000000 18064.000000
19682.000000 17956.000000
19697.000000 17925.000000
19725.000000 17839.000000
19727.000000 17826.000000
19711.000000 17894.000000
19713.000000 17882.000000
19227.000000 18692.000000
19246.000000 18658.000000
19520.000000 18338.000000
19866.000000 17472.000000
19876.000000 17416.000000
19873.000000 17466.000000
19875.000000 17445.000000
19884.000000 17412.000000
19908.000000 17345.000000
19904.000000 17350.000000
19883.000000 17414.000000
19874.000000 17452.000000
19606.000000 18146.000000
19591.000000 18199.000000
19643.000000 18039.000000
19639.000000 18060.000000
19678.000000 17967.000000
19716.000000 17862.000000
19934.000000 17255.000000
19943.000000 17223.000000
19937.000000 17224.000000
19620.000000 18083.000000
19863.000000 17496.000000
19621.000000 18080.000000
20023.000000 16881.000000
20029.000000 16847.000000
19945.000000 17181.000000
20030.000000 16755.000000
20038.000000 16683.000000
20040.000000 16584.000000
16314.000000 20411.000000
16357.000000 20403.000000
17182.000000 20223.000000
17159.000000 20228.000000
17801.000000 19946.000000
17732.000000 19953.000000
17730.000000 19957.000000
17757.000000 19951.000000
17566.000000 20050.000000
17587.000000 20027.000000
18473.000000 19496.000000
18486.000000 19495.000000
18450.000000 19539.000000
18433.000000 19564.000000
18445.000000 19553.000000
18449.000000 19552.000000
18422.000000 19572.000000
18400.000000 19574.000000
17986.000000 19833.000000
17965.000000 19837.000000
17999.000000 19828.000000
16496.000000 20379.000000
19392.000000 18457.000000
19394.000000 18454.000000
19401.000000 18453.000000
19389.000000 18472.000000
19382.000000 18480.000000
19375.000000 18499.000000
19361.000000 18524.000000
19359.000000 18527.000000
19349.000000 18534.000000
19348.000000 18539.000000
19315.000000 18608.000000
19342.000000 18602.000000
19311.000000 18620.000000
17350.000000 20166.000000
17363.000000 20152.000000
17356.000000 20156.000000
17341.000000 20173.000000
17442.000000 20129.000000
17424.000000 20141.000000
17483.000000 20123.000000
17508.000000 20115.000000
17559.000000 20095.000000
17541.000000 20107.000000
17510.000000 20112.000000
17505.000000 20119.000000
18798.000000 19265.000000
18778.000000 19297.000000
18790.000000 19271.000000
18776.000000 19300.000000
18779.000000 19289.000000
19455.000000 18423.000000
19457.000000 18422.000000
19442.000000 18428.000000
19445.000000 18424.000000
18664.000000 19369.000000
18689.000000 19359.000000
19846.000000 17544.000000
19840.000000 17575.000000
19836.000000 17597.000000
19831.000000 17637.000000
19825.000000 17660.000000
19820.000000 17676.000000
19817.000000 17687.000000
19814.000000 17696.000000
19006.000000 18994.000000
19043.000000 18978.000000
19038.000000 18980.000000
19097.000000 18897.000000
19070.000000 18959.000000
18815.000000 19245.000000
18816.000000 19235.000000
18826.000000 19224.000000
18800.000000 19261.000000
18819.000000 19231.000000
18841.000000 19208.000000
18864.000000 19194.000000
18834.000000 19217.000000
18918.000000 19127.000000
18946.000000 19101.000000
18931.000000 19107.000000
18961.000000 19062.000000
18953.000000 19073.000000
18965.000000 19057.000000
18985.000000 19033.000000
18969.000000 19047.000000
18973.000000 19043.000000
18967.000000 19053.000000
19016.000000 18986.000000
19862.000000 17517.000000
19854.000000 17543.000000
19857.000000 17526.000000
18993.000000 19027.000000
19551.000000 18275.000000
19248.000000 18645.000000
20008.000000 16946.000000
19739.000000 17809.000000
19765.000000 17796.000000
19610.000000 18132.000000
19596.000000 18179.000000
19598.000000 18174.000000
19665.000000 17992.000000
19661.000000 18013.000000
19903.000000 17403.000000
19928.000000 17283.000000
19918.000000 17342.000000
19923.000000 17300.000000
20037.000000 16716.000000
20036.000000 16735.000000
19956.000000 17165.000000
19963.000000 17129.000000
19968.000000 17113.000000
19972.000000 17085.000000
19976.000000 17035.000000
20005.000000 16958.000000
19997.000000 17032.000000
20001.000000 17018.000000
20003.000000 17001.000000
20010.000000 16939.000000
16262.000000 20409.000000
16237.000000 20413.000000
16310.000000 20399.000000
16301.000000 20406.000000
16370.000000 20390.000000
16337.000000 20398.000000
16516.000000 20369.000000
16491.000000 20376.000000
16513.000000 20373.000000
16532.000000 20368.000000
16577.000000 20364.000000
16640.000000 20350.000000
16675.000000 20331.000000
16657.000000 20338.000000
16680.000000 20330.000000
16698.000000 20327.000000
16703.000000 20324.000000
16755.000000 20318.000000
16705.000000 20323.000000
16716.000000 20322.000000
16741.000000 20319.000000
16785.000000 20307.000000
16786.000000 20304.000000
16817.000000 20303.000000
16773.000000 20312.000000
16859.000000 20288.000000
16883.000000 20285.000000
16855.000000 20293.000000
16939.000000 20276.000000
16912.000000 20279.000000
16953.000000 20263.000000
16977.000000 20257.000000
17012.000000 20248.000000
17039.000000 20239.000000
17037.000000 20244.000000
17060.000000 20238.000000
17088.000000 20229.000000
17085.000000 20234.000000
17204.000000 20164.000000
17206.000000 20163.000000
17257.000000 20152.000000
17466.000000 20071.000000
17555.000000 20045.000000
17615.000000 20028.000000
17638.000000 20019.000000
17653.000000 20010.000000
17662.000000 20004.000000
17735.000000 19979.000000
17719.000000 19990.000000
17749.000000 19968.000000
17747.000000 19970.000000
17788.000000 19966.000000
17803.000000 19946.000000
17505.000000 20054.000000
18032.000000 19802.000000
18099.000000 19777.000000
17898.000000 19876.000000
17894.000000 19878.000000
17904.000000 19863.000000
17935.000000 19858.000000
17942.000000 19853.000000
17937.000000 19854.000000
17958.000000 19843.000000
17700.000000 20002.000000
17849.000000 19893.000000
17828.000000 19906.000000
17817.000000 19915.000000
17836.000000 19904.000000
17931.000000 19862.000000
17968.000000 19833.000000
18003.000000 19812.000000
18006.000000 19809.000000
18139.000000 19739.000000
18163.000000 19722.000000
18085.000000 19780.000000
18242.000000 19651.000000
18376.000000 19597.000000
18366.000000 19629.000000
18382.000000 19595.000000
18440.000000 19554.000000
18439.000000 19562.000000
18478.000000 19546.000000
18765.000000 19244.000000
18873.000000 19149.000000
18865.000000 19156.000000
18883.000000 19131.000000
18895.000000 19115.000000
18932.000000 19082.000000
18519.000000 19523.000000
18606.000000 19411.000000
18625.000000 19394.000000
18632.000000 19388.000000
18598.000000 19428.000000
18679.000000 19362.000000
18695.000000 19336.000000
18901.000000 19113.000000
18930.000000 19085.000000
18919.000000 19094.000000
18991.000000 19025.000000
18975.000000 19047.000000
19029.000000 18988.000000
19003.000000 19011.000000
19041.000000 18974.000000
19051.000000 18960.000000
19046.000000 18968.000000
19054.000000 18955.000000
19056.000000 18950.000000
19062.000000 18947.000000
19602.000000 18111.000000
19800.000000 17664.000000
19815.000000 17633.000000
19831.000000 17572.000000
19825.000000 17588.000000
19821.000000 17619.000000
19833.000000 17566.000000
19824.000000 17615.000000
19851.000000 17433.000000
19909.000000 17268.000000
19735.000000 17817.000000
19873.000000 17374.000000
19863.000000 17403.000000
19996.000000 16846.000000
19835.000000 17507.000000
19818.000000 17622.000000
19947.000000 17135.000000
19968.000000 17007.000000
19994.000000 16886.000000
19988.000000 16974.000000
19853.000000 17421.000000
16467.000000 20383.000000
16470.000000 20378.000000
16427.000000 20387.000000
17484.000000 20069.000000
17434.000000 20085.000000
17491.000000 20059.000000
17405.000000 20089.000000
17402.000000 20097.000000
17408.000000 20086.000000
17442.000000 20080.000000
17400.000000 20110.000000
17394.000000 20119.000000
17337.000000 20129.000000
17282.000000 20145.000000
17316.000000 20130.000000
17284.000000 20144.000000
17302.000000 20137.000000
17272.000000 20147.000000
17244.000000 20160.000000
17226.000000 20162.000000
17168.000000 20193.000000
17202.000000 20185.000000
17165.000000 20194.000000
17159.000000 20208.000000
17605.000000 20037.000000
17616.000000 20026.000000
17635.000000 20025.000000
17606.000000 20034.000000
17612.000000 20031.000000
17170.000000 20192.000000
17126.000000 20227.000000
17158.000000 20210.000000
17142.000000 20215.000000
18708.000000 19294.000000
18704.000000 19300.000000
18722.000000 19289.000000
18692.000000 19338.000000
18655.000000 19378.000000
18638.000000 19387.000000
18645.000000 19383.000000
18668.000000 19372.000000
18320.000000 19649.000000
18340.000000 19647.000000
18359.000000 19638.000000
18110.000000 19765.000000
19615.000000 18106.000000
19611.000000 18110.000000
19570.000000 18155.000000
19474.000000 18385.000000
19439.000000 18415.000000
19468.000000 18399.000000
19431.000000 18429.000000
19453.000000 18403.000000
19436.000000 18425.000000
19441.000000 18411.000000
19383.000000 18524.000000
19397.000000 18507.000000
19321.000000 18602.000000
19355.000000 18585.000000
19337.000000 18601.000000
19275.000000 18740.000000
19295.000000 18707.000000
19254.000000 18762.000000
19219.000000 18812.000000
19238.000000 18796.000000
19216.000000 18818.000000
19223.000000 18806.000000
19200.000000 18820.000000
18422.000000 19566.000000
18436.000000 19563.000000
18421.000000 19582.000000
19280.000000 18714.000000
18965.000000 19077.000000
18970.000000 19071.000000
18952.000000 19081.000000
17983.000000 19827.000000
18037.000000 19794.000000
18043.000000 19787.000000
18125.000000 19747.000000
18119.000000 19749.000000
18130.000000 19742.000000
18153.000000 19738.000000
18159.000000 19726.000000
18155.000000 19734.000000
19316.000000 18662.000000
19320.000000 18646.000000
19304.000000 18683.000000
19311.000000 18679.000000
19390.000000 18521.000000
19375.000000 18563.000000
19366.000000 18569.000000
19357.000000 18574.000000
19381.000000 18553.000000
18239.000000 19690.000000
18187.000000 19696.000000
18181.000000 19705.000000
18173.000000 19721.000000
18177.000000 19707.000000
18535.000000 19450.000000
18532.000000 19461.000000
18533.000000 19455.000000
18539.000000 19444.000000
18839.000000 19163.000000
18828.000000 19181.000000
18845.000000 19158.000000
18880.000000 19141.000000
18886.000000 19125.000000
18887.000000 19122.000000
18912.000000 19109.000000
19013.000000 19010.000000
19021.000000 18998.000000
19014.000000 19000.000000
19411.000000 18494.000000
19413.000000 18492.000000
19410.000000 18501.000000
19426.000000 18486.000000
19511.000000 18293.000000
19536.000000 18290.000000
19549.000000 18261.000000
18793.000000 19225.000000
18759.000000 19263.000000
18736.000000 19284.000000
19116.000000 18853.000000
19846.000000 17491.000000
19901.000000 17346.000000
19892.000000 17366.000000
19071.000000 18944.000000
19083.000000 18904.000000
19076.000000 18905.000000
19108.000000 18875.000000
19099.000000 18883.000000
19092.000000 18900.000000
19146.000000 18851.000000
19893.000000 17356.000000
19907.000000 17319.000000
19498.000000 18301.000000
19565.000000 18187.000000
19551.000000 18205.000000
19552.000000 18203.000000
19575.000000 18153.000000
19560.000000 18200.000000
19599.000000 18124.000000
19635.000000 18045.000000
19653.000000 18014.000000
19644.000000 18039.000000
19691.000000 17952.000000
19679.000000 17998.000000
19672.000000 18007.000000
19693.000000 17937.000000
19696.000000 17923.000000
19698.000000 17906.000000
19719.000000 17875.000000
19725.000000 17842.000000
19740.000000 17804.000000
19753.000000 17764.000000
19741.000000 17775.000000
19743.000000 17771.000000
19742.000000 17772.000000
19768.000000 17747.000000
19774.000000 17738.000000
19782.000000 17730.000000
19786.000000 17696.000000
19813.000000 17639.000000
19804.000000 17653.000000
19803.000000 17661.000000
19848.000000 17489.000000
19859.000000 17404.000000
19478.000000 18321.000000
19489.000000 18305.000000
19921.000000 17243.000000
19923.000000 17220.000000
19911.000000 17254.000000
19834.000000 17521.000000
19956.000000 17086.000000
19930.000000 17172.000000
19938.000000 17169.000000
19976.000000 16996.000000
16203.000000 20422.000000
16294.000000 20414.000000
16335.000000 20406.000000
16367.000000 20401.000000
16388.000000 20399.000000
16406.000000 20398.000000
16426.000000 20387.000000
16490.000000 20386.000000
16516.000000 20383.000000
16549.000000 20382.000000
16569.000000 20374.000000
16577.000000 20370.000000
16595.000000 20356.000000
16652.000000 20355.000000
16658.000000 20345.000000
16712.000000 20344.000000
16769.000000 20325.000000
16726.000000 20332.000000
16718.000000 20333.000000
16757.000000 20326.000000
16727.000000 20331.000000
16797.000000 20320.000000
16801.000000 20310.000000
16823.000000 20302.000000
16836.000000 20295.000000
17163.000000 20222.000000
17252.000000 20197.000000
17284.000000 20176.000000
17274.000000 20181.000000
17261.000000 20191.000000
17456.000000 20102.000000
17420.000000 20119.000000
17404.000000 20121.000000
17406.000000 20120.000000
17457.000000 20099.000000
17429.000000 20111.000000
17452.000000 20110.000000
17510.000000 20087.000000
17497.000000 20097.000000
17560.000000 20076.000000
17534.000000 20086.000000
17589.000000 20064.000000
17535.000000 20081.000000
17612.000000 20047.000000
17594.000000 20051.000000
17619.000000 20045.000000
17645.000000 20044.000000
17654.000000 20034.000000
17663.000000 20015.000000
17667.000000 20013.000000
17703.000000 19994.000000
17693.000000 19999.000000
17724.000000 19990.000000
17738.000000 19989.000000
17766.000000 19952.000000
17813.000000 19924.000000
17816.000000 19920.000000
17843.000000 19902.000000
17835.000000 19913.000000
17814.000000 19921.000000
17811.000000 19937.000000
17875.000000 19890.000000
17882.000000 19886.000000
18008.000000 19801.000000
18009.000000 19800.000000
18018.000000 19794.000000
18043.000000 19788.000000
18011.000000 19797.000000
18053.000000 19782.000000
17569.000000 20065.000000
17747.000000 19957.000000
17986.000000 19831.000000
18036.000000 19791.000000
18190.000000 19684.000000
18207.000000 19675.000000
18251.000000 19648.000000
18238.000000 19657.000000
18256.000000 19633.000000
18459.000000 19541.000000
18467.000000 19519.000000
18194.000000 19680.000000
18211.000000 19659.000000
18494.000000 19516.000000
18507.000000 19507.000000
18530.000000 19488.000000
18517.000000 19496.000000
18851.000000 19059.000000
18861.000000 19051.000000
18872.000000 19044.000000
18854.000000 19056.000000
19063.000000 18863.000000
19062.000000 18870.000000
19080.000000 18853.000000
19808.000000 17635.000000
19797.000000 17720.000000
19898.000000 17377.000000
19809.000000 17615.000000
19907.000000 17334.000000
19897.000000 17408.000000
19923.000000 17294.000000
19977.000000 17138.000000
19979.000000 17114.000000
19997.000000 17044.000000
20005.000000 17020.000000
20004.000000 17031.000000
20019.000000 16744.000000
20025.000000 16718.000000
20016.000000 16753.000000
20032.000000 16673.000000
20008.000000 17003.000000
20011.000000 16924.000000
19994.000000 17105.000000
16419.000000 20396.000000
17672.000000 20001.000000
17499.000000 20088.000000
17391.000000 20124.000000
17064.000000 20259.000000
17063.000000 20271.000000
16995.000000 20284.000000
16965.000000 20292.000000
17386.000000 20125.000000
17379.000000 20129.000000
17376.000000 20134.000000
17338.000000 20159.000000
17356.000000 20153.000000
17224.000000 20205.000000
17183.000000 20209.000000
17228.000000 20198.000000
18391.000000 19588.000000
18436.000000 19566.000000
18325.000000 19624.000000
18371.000000 19613.000000
17963.000000 19857.000000
17967.000000 19851.000000
17968.000000 19843.000000
17951.000000 19863.000000
17983.000000 19842.000000
17942.000000 19869.000000
17953.000000 19860.000000
17958.000000 19859.000000
17817.000000 19919.000000
17785.000000 19946.000000
17774.000000 19947.000000
17106.000000 20232.000000
17367.000000 20135.000000
19222.000000 18741.000000
19210.000000 18747.000000
19193.000000 18767.000000
19668.000000 17985.000000
19646.000000 18013.000000
19640.000000 18056.000000
19642.000000 18047.000000
19639.000000 18065.000000
19580.000000 18164.000000
19567.000000 18194.000000
19550.000000 18241.000000
19565.000000 18213.000000
19532.000000 18271.000000
19543.000000 18266.000000
19529.000000 18289.000000
19525.000000 18291.000000
19751.000000 17795.000000
18003.000000 19823.000000
18090.000000 19758.000000
18076.000000 19773.000000
18104.000000 19748.000000
18084.000000 19766.000000
18185.000000 19714.000000
18154.000000 19726.000000
18526.000000 19491.000000
18567.000000 19456.000000
18543.000000 19480.000000
18578.000000 19443.000000
18570.000000 19453.000000
18575.000000 19449.000000
18562.000000 19477.000000
18597.000000 19441.000000
18618.000000 19426.000000
18714.000000 19359.000000
18664.000000 19414.000000
18689.000000 19385.000000
18665.000000 19405.000000
18679.000000 19401.000000
18707.000000 19379.000000
18709.000000 19360.000000
18715.000000 19349.000000
19613.000000 18130.000000
19629.000000 18075.000000
19628.000000 18102.000000
19609.000000 18132.000000
19620.000000 18110.000000
19607.000000 18137.000000
19464.000000 18349.000000
19466.000000 18326.000000
19467.000000 18314.000000
19450.000000 18357.000000
19456.000000 18355.000000
19593.000000 18138.000000
18753.000000 19180.000000
18745.000000 19201.000000
18746.000000 19185.000000
18758.000000 19174.000000
18776.000000 19173.000000
18783.000000 19160.000000
18832.000000 19128.000000
18817.000000 19154.000000
18841.000000 19116.000000
18842.000000 19109.000000
18950.000000 19009.000000
18936.000000 19012.000000
19017.000000 19006.000000
19051.000000 18975.000000
19060.000000 18959.000000
19731.000000 17838.000000
19754.000000 17792.000000
19749.000000 17805.000000
19767.000000 17770.000000
19744.000000 17830.000000
19764.000000 17789.000000
18901.000000 19016.000000
19101.000000 18793.000000
19111.000000 18784.000000
19099.000000 18816.000000
19157.000000 18781.000000
19170.000000 18778.000000
19245.000000 18715.000000
19244.000000 18729.000000
19269.000000 18698.000000
19259.000000 18702.000000
19283.000000 18677.000000
19278.000000 18686.000000
19293.000000 18662.000000
19289.000000 18669.000000
19352.000000 18514.000000
19367.000000 18489.000000
19368.000000 18476.000000
19366.000000 18491.000000
19358.000000 18497.000000
19387.000000 18471.000000
19324.000000 18592.000000
19338.000000 18589.000000
19299.000000 18617.000000
19308.000000 18595.000000
19405.000000 18462.000000
19426.000000 18404.000000
19411.000000 18415.000000
19435.000000 18393.000000
19409.000000 18454.000000
19419.000000 18409.000000
19439.000000 18380.000000
19442.000000 18377.000000
19844.000000 17614.000000
19847.000000 17592.000000
19857.000000 17579.000000
19846.000000 17602.000000
19858.000000 17562.000000
19702.000000 17952.000000
19716.000000 17863.000000
19715.000000 17884.000000
19712.000000 17915.000000
19707.000000 17935.000000
19713.000000 17901.000000
19727.000000 17854.000000
19305.000000 18598.000000
19861.000000 17508.000000
19959.000000 17171.000000
19859.000000 17549.000000
19863.000000 17507.000000
19878.000000 17469.000000
19873.000000 17496.000000
19874.000000 17472.000000
19889.000000 17447.000000
19654.000000 18012.000000
19917.000000 17324.000000
19936.000000 17265.000000
19945.000000 17235.000000
15790.000000 20441.000000
16049.000000 20438.000000
16061.000000 20437.000000
16415.000000 20397.000000
16513.000000 20383.000000
16537.000000 20374.000000
16467.000000 20390.000000
16546.000000 20370.000000
16533.000000 20378.000000
16583.000000 20355.000000
16701.000000 20349.000000
16735.000000 20345.000000
16738.000000 20336.000000
16755.000000 20334.000000
16756.000000 20330.000000
16817.000000 20318.000000
16827.000000 20317.000000
16861.000000 20313.000000
16862.000000 20304.000000
16930.000000 20288.000000
16898.000000 20303.000000
16913.000000 20302.000000
16949.000000 20285.000000
16921.000000 20296.000000
16979.000000 20279.000000
17191.000000 20201.000000
16973.000000 20281.000000
17049.000000 20255.000000
17018.000000 20271.000000
17057.000000 20245.000000
17109.000000 20223.000000
17144.000000 20220.000000
17159.000000 20214.000000
17214.000000 20191.000000
17450.000000 20088.000000
17568.000000 20041.000000
17574.000000 20020.000000
17579.000000 20019.000000
17714.000000 19975.000000
17814.000000 19932.000000
17894.000000 19901.000000
17861.000000 19913.000000
17859.000000 19915.000000
17609.000000 20014.000000
17630.000000 20009.000000
17848.000000 19920.000000
17953.000000 19843.000000
17840.000000 19921.000000
17924.000000 19869.000000
17928.000000 19863.000000
17936.000000 19852.000000
17929.000000 19855.000000
17972.000000 19835.000000
17946.000000 19849.000000
17954.000000 19840.000000
17974.000000 19829.000000
18160.000000 19718.000000
18189.000000 19705.000000
18248.000000 19660.000000
18231.000000 19692.000000
18245.000000 19668.000000
18238.000000 19672.000000
18254.000000 19655.000000
18284.000000 19601.000000
18258.000000 19603.000000
18308.000000 19590.000000
18356.000000 19578.000000
18399.000000 19549.000000
18393.000000 19562.000000
18402.000000 19541.000000
18584.000000 19421.000000
18577.000000 19434.000000
18564.000000 19435.000000
18562.000000 19439.000000
18621.000000 19418.000000
18656.000000 19381.000000
18663.000000 19376.000000
18642.000000 19395.000000
18681.000000 19365.000000
18729.000000 19324.000000
18731.000000 19321.000000
18706.000000 19345.000000
18726.000000 19335.000000
18857.000000 19187.000000
18863.000000 19168.000000
18883.000000 19162.000000
18979.000000 19059.000000
19002.000000 19024.000000
18999.000000 19046.000000
19013.000000 19015.000000
19017.000000 19014.000000
19032.000000 18990.000000
19009.000000 19022.000000
19030.000000 18991.000000
19033.000000 18988.000000
19066.000000 18953.000000
19067.000000 18950.000000
19064.000000 18981.000000
19071.000000 18948.000000
19092.000000 18946.000000
19110.000000 18936.000000
19134.000000 18909.000000
19147.000000 18892.000000
19137.000000 18897.000000
19141.000000 18894.000000
18757.000000 19297.000000
18815.000000 19231.000000
18789.000000 19249.000000
18740.000000 19310.000000
18829.000000 19215.000000
18848.000000 19189.000000
18839.000000 19194.000000
19225.000000 18738.000000
19270.000000 18674.000000
19294.000000 18651.000000
19306.000000 18613.000000
19461.000000 18366.000000
19734.000000 17831.000000
19725.000000 17850.000000
19717.000000 17874.000000
20000.000000 16909.000000
20005.000000 16894.000000
19997.000000 16921.000000
20004.000000 16899.000000
20027.000000 16751.000000
20028.000000 16730.000000
20030.000000 16717.000000
20034.000000 16657.000000
16389.000000 20399.000000
16323.000000 20417.000000
16224.000000 20432.000000
16189.000000 20436.000000
16296.000000 20426.000000
17303.000000 20153.000000
16198.000000 20434.000000
16208.000000 20433.000000
16328.000000 20408.000000
16267.000000 20428.000000
16377.000000 20406.000000
18582.000000 19426.000000
18542.000000 19468.000000
18559.000000 19449.000000
18552.000000 19459.000000
18521.000000 19487.000000
18498.000000 19491.000000
18496.000000 19505.000000
18476.000000 19530.000000
18488.000000 19520.000000
18461.000000 19534.000000
18483.000000 19526.000000
18090.000000 19791.000000
18104.000000 19786.000000
18075.000000 19820.000000
18082.000000 19808.000000
18078.000000 19815.000000
18067.000000 19823.000000
17243.000000 20179.000000
17218.000000 20181.000000
17245.000000 20174.000000
18990.000000 19053.000000
18969.000000 19076.000000
18972.000000 19068.000000
18976.000000 19067.000000
18921.000000 19139.000000
18954.000000 19103.000000
18950.000000 19112.000000
17076.000000 20240.000000
17100.000000 20230.000000
17077.000000 20233.000000
17128.000000 20222.000000
17176.000000 20203.000000
17168.000000 20213.000000
17200.000000 20193.000000
17284.000000 20163.000000
17324.000000 20145.000000
17389.000000 20144.000000
17430.000000 20130.000000
17424.000000 20140.000000
17445.000000 20113.000000
19286.000000 18669.000000
19252.000000 18721.000000
19263.000000 18715.000000
17558.000000 20067.000000
17503.000000 20085.000000
17513.000000 20074.000000
17506.000000 20076.000000
17664.000000 19988.000000
17660.000000 19990.000000
17678.000000 19985.000000
17646.000000 20000.000000
17708.000000 19978.000000
17699.000000 19980.000000
17799.000000 19935.000000
17821.000000 19929.000000
17788.000000 19968.000000
17794.000000 19944.000000
17834.000000 19923.000000
17869.000000 19909.000000
18146.000000 19783.000000
18153.000000 19762.000000
18159.000000 19754.000000
18158.000000 19761.000000
19001.000000 19034.000000
19177.000000 18802.000000
19190.000000 18789.000000
19304.000000 18617.000000
19312.000000 18609.000000
19343.000000 18597.000000
19344.000000 18594.000000
19364.000000 18574.000000
19375.000000 18565.000000
19362.000000 18579.000000
19371.000000 18573.000000
19360.000000 18592.000000
19805.000000 17705.000000
19804.000000 17711.000000
19809.000000 17699.000000
19800.000000 17763.000000
19175.000000 18816.000000
19184.000000 18793.000000
19199.000000 18787.000000
19178.000000 18795.000000
19174.000000 18830.000000
19187.000000 18790.000000
19201.000000 18776.000000
19206.000000 18775.000000
19221.000000 18772.000000
19995.000000 16967.000000
19989.000000 16993.000000
19992.000000 16986.000000
19987.000000 17041.000000
19976.000000 17105.000000
19970.000000 17138.000000
19977.000000 17091.000000
19978.000000 17072.000000
19982.000000 17046.000000
19964.000000 17158.000000
19962.000000 17174.000000
19966.000000 17141.000000
19409.000000 18466.000000
19401.000000 18483.000000
19427.000000 18456.000000
19441.000000 18431.000000
19443.000000 18413.000000
19248.000000 18729.000000
19267.000000 18693.000000
19299.000000 18634.000000
19455.000000 18376.000000
19445.000000 18411.000000
19467.000000 18344.000000
19506.000000 18339.000000
19515.000000 18318.000000
19538.000000 18311.000000
19541.000000 18283.000000
19542.000000 18278.000000
19553.000000 18273.000000
19567.000000 18262.000000
19579.000000 18231.000000
19665.000000 17983.000000
19676.000000 17979.000000
19691.000000 17957.000000
19703.000000 17946.000000
19688.000000 17968.000000
19573.000000 18240.000000
19569.000000 18241.000000
19589.000000 18225.000000
19599.000000 18196.000000
19611.000000 18175.000000
19591.000000 18200.000000
19621.000000 18134.000000
19613.000000 18150.000000
19629.000000 18124.000000
19634.000000 18101.000000
19641.000000 18087.000000
19826.000000 17641.000000
19807.000000 17701.000000
19822.000000 17685.000000
19818.000000 17692.000000
19823.000000 17650.000000
19890.000000 17489.000000
19865.000000 17547.000000
19863.000000 17569.000000
19899.000000 17419.000000
19735.000000 17806.000000
19748.000000 17775.000000
19731.000000 17833.000000
19747.000000 17801.000000
19663.000000 18028.000000
19685.000000 17977.000000
19697.000000 17955.000000
19716.000000 17876.000000
19827.000000 17617.000000
19834.000000 17590.000000
19647.000000 18066.000000
19704.000000 17896.000000
19728.000000 17835.000000
19877.000000 17496.000000
19874.000000 17525.000000
19904.000000 17394.000000
19895.000000 17446.000000
19910.000000 17383.000000
19923.000000 17377.000000
19934.000000 17363.000000
19936.000000 17312.000000
19939.000000 17297.000000
19950.000000 17275.000000
19957.000000 17232.000000
19952.000000 17264.000000
19949.000000 17293.000000
19958.000000 17212.000000
20026.000000 16827.000000
19830.000000 17593.000000
15967.000000 20444.000000
16019.000000 20437.000000
16070.000000 20435.000000
16088.000000 20433.000000
16165.000000 20432.000000
16311.000000 20415.000000
16456.000000 20408.000000
16270.000000 20426.000000
16553.000000 20397.000000
16447.000000 20410.000000
16490.000000 20402.000000
16464.000000 20407.000000
16478.000000 20403.000000
16558.000000 20390.000000
16518.000000 20401.000000
16645.000000 20370.000000
16603.000000 20383.000000
16609.000000 20374.000000
16667.000000 20362.000000
16604.000000 20379.000000
16638.000000 20371.000000
16753.000000 20341.000000
16750.000000 20354.000000
16807.000000 20335.000000
16835.000000 20330.000000
16892.000000 20323.000000
16909.000000 20307.000000
16971.000000 20298.000000
16899.000000 20317.000000
16918.000000 20301.000000
17012.000000 20278.000000
16990.000000 20294.000000
17087.000000 20271.000000
17126.000000 20258.000000
17130.000000 20248.000000
17096.000000 20270.000000
17015.000000 20276.000000
17007.000000 20288.000000
17035.000000 20273.000000
17101.000000 20263.000000
17149.000000 20247.000000
17190.000000 20233.000000
17204.000000 20219.000000
17231.000000 20208.000000
17208.000000 20209.000000
17359.000000 20147.000000
17446.000000 20113.000000
17442.000000 20125.000000
17444.000000 20115.000000
17463.000000 20112.000000
17471.000000 20107.000000
17498.000000 20105.000000
17504.000000 20100.000000
17515.000000 20098.000000
17560.000000 20095.000000
17561.000000 20091.000000
17552.000000 20097.000000
17569.000000 20089.000000
17588.000000 20086.000000
17600.000000 20028.000000
17722.000000 19982.000000
17625.000000 20022.000000
17871.000000 19883.000000
17919.000000 19881.000000
17964.000000 19843.000000
17990.000000 19842.000000
17960.000000 19844.000000
17940.000000 19852.000000
18069.000000 19794.000000
18084.000000 19788.000000
18128.000000 19762.000000
18136.000000 19752.000000
18117.000000 19767.000000
18121.000000 19763.000000
18132.000000 19758.000000
18158.000000 19738.000000
18144.000000 19745.000000
18057.000000 19823.000000
18140.000000 19747.000000
18216.000000 19665.000000
18189.000000 19695.000000
18235.000000 19661.000000
18260.000000 19642.000000
18281.000000 19622.000000
18308.000000 19611.000000
18395.000000 19561.000000
18415.000000 19539.000000
18410.000000 19553.000000
18449.000000 19529.000000
18450.000000 19526.000000
18460.000000 19513.000000
18499.000000 19500.000000
18454.000000 19520.000000
18495.000000 19508.000000
18533.000000 19492.000000
18544.000000 19472.000000
18350.000000 19569.000000
18375.000000 19568.000000
18570.000000 19427.000000
18625.000000 19400.000000
18603.000000 19414.000000
18583.000000 19421.000000
18704.000000 19319.000000
18707.000000 19299.000000
18766.000000 19286.000000
18772.000000 19266.000000
18791.000000 19262.000000
18769.000000 19275.000000
18776.000000 19265.000000
18759.000000 19296.000000
18555.000000 19431.000000
18564.000000 19430.000000
18548.000000 19444.000000
18835.000000 19184.000000
18846.000000 19140.000000
18941.000000 19089.000000
18951.000000 19068.000000
18962.000000 19066.000000
18972.000000 19050.000000
19004.000000 19011.000000
19055.000000 18960.000000
19071.000000 18951.000000
19061.000000 18952.000000
18841.000000 19158.000000
18857.000000 19133.000000
19003.000000 19019.000000
19140.000000 18841.000000
19143.000000 18822.000000
19141.000000 18836.000000
19136.000000 18860.000000
19185.000000 18805.000000
19246.000000 18717.000000
19219.000000 18764.000000
19235.000000 18722.000000
19232.000000 18732.000000
19239.000000 18719.000000
19277.000000 18703.000000
19287.000000 18683.000000
19283.000000 18691.000000
19297.000000 18673.000000
19291.000000 18674.000000
19307.000000 18656.000000
19163.000000 18815.000000
19369.000000 18535.000000
19440.000000 18421.000000
19450.000000 18392.000000
19464.000000 18367.000000
19446.000000 18398.000000
19455.000000 18375.000000
19474.000000 18357.000000
19492.000000 18325.000000
19664.000000 17949.000000
19648.000000 17964.000000
19708.000000 17887.000000
19382.000000 18498.000000
19332.000000 18591.000000
19501.000000 18324.000000
19502.000000 18304.000000
19505.000000 18283.000000
19524.000000 18253.000000
19553.000000 18192.000000
19548.000000 18218.000000
19555.000000 18179.000000
19660.000000 17960.000000
19763.000000 17772.000000
19772.000000 17745.000000
19329.000000 18607.000000
19323.000000 18631.000000
19347.000000 18589.000000
19353.000000 18551.000000
19833.000000 17569.000000
19857.000000 17511.000000
19905.000000 17329.000000
19913.000000 17293.000000
19920.000000 17287.000000
19975.000000 17196.000000
16292.000000 20418.000000
16238.000000 20428.000000
16691.000000 20356.000000
18349.000000 19584.000000
17869.000000 19892.000000
17846.000000 19930.000000
17759.000000 19965.000000
17754.000000 19967.000000
17769.000000 19957.000000
17760.000000 19963.000000
17712.000000 19987.000000
17742.000000 19979.000000
17728.000000 19981.000000
17708.000000 20010.000000
17663.000000 20018.000000
17683.000000 20012.000000
16605.000000 20378.000000
18915.000000 19105.000000
18889.000000 19118.000000
18907.000000 19106.000000
17792.000000 19956.000000
17822.000000 19946.000000
17803.000000 19949.000000
17799.000000 19955.000000
17808.000000 19947.000000
18839.000000 19168.000000
18809.000000 19196.000000
18818.000000 19185.000000
18812.000000 19193.000000
18807.000000 19198.000000
18817.000000 19186.000000
18814.000000 19190.000000
18806.000000 19201.000000
19231.000000 18742.000000
19192.000000 18790.000000
19200.000000 18777.000000
17247.000000 20195.000000
17338.000000 20158.000000
17291.000000 20172.000000
17290.000000 20188.000000
17315.000000 20170.000000
17323.000000 20164.000000
17350.000000 20150.000000
17399.000000 20143.000000
17416.000000 20130.000000
17396.000000 20144.000000
18523.000000 19493.000000
18511.000000 19496.000000
18519.000000 19495.000000
19123.000000 18869.000000
19115.000000 18897.000000
19104.000000 18902.000000
19096.000000 18909.000000
19100.000000 18905.000000
19116.000000 18893.000000
19092.000000 18926.000000
19095.000000 18922.000000
19091.000000 18940.000000
19309.000000 18652.000000
19288.000000 18676.000000
19632.000000 18052.000000
19647.000000 18048.000000
19629.000000 18069.000000
19630.000000 18059.000000
19611.000000 18161.000000
19626.000000 18115.000000
19618.000000 18134.000000
19613.000000 18157.000000
18640.000000 19378.000000
18639.000000 19390.000000
18654.000000 19376.000000
18664.000000 19358.000000
18671.000000 19357.000000
18663.000000 19370.000000
19931.000000 17244.000000
19911.000000 17311.000000
18971.000000 19056.000000
18956.000000 19067.000000
19038.000000 19001.000000
18997.000000 19043.000000
19012.000000 19003.000000
19042.000000 18983.000000
19054.000000 18962.000000
19045.000000 18980.000000
19049.000000 18970.000000
19057.000000 18955.000000
19046.000000 18972.000000
19912.000000 17305.000000
19903.000000 17387.000000
19897.000000 17434.000000
19878.000000 17493.000000
19888.000000 17439.000000
19879.000000 17457.000000
19856.000000 17523.000000
19988.000000 16995.000000
19976.000000 17048.000000
19979.000000 17004.000000
19409.000000 18470.000000
19412.000000 18426.000000
19476.000000 18326.000000
19689.000000 17921.000000
19704.000000 17900.000000
19728.000000 17878.000000
19731.000000 17852.000000
19761.000000 17792.000000
19850.000000 17540.000000
19886.000000 17455.000000
19868.000000 17507.000000
19861.000000 17510.000000
19869.000000 17502.000000
19397.000000 18492.000000
19380.000000 18516.000000
19684.000000 17931.000000
19748.000000 17834.000000
19758.000000 17800.000000
19411.000000 18445.000000
19776.000000 17728.000000
19781.000000 17717.000000
19820.000000 17626.000000
19812.000000 17662.000000
19799.000000 17707.000000
19825.000000 17602.000000
19828.000000 17570.000000
19923.000000 17263.000000
19927.000000 17259.000000
19947.000000 17241.000000
19951.000000 17232.000000
20015.000000 16969.000000
20026.000000 16863.000000
20017.000000 16916.000000
16295.000000 20378.000000
16336.000000 20374.000000
16481.000000 20363.000000
16483.000000 20362.000000
16532.000000 20355.000000
16688.000000 20345.000000
16710.000000 20341.000000
16757.000000 20339.000000
16774.000000 20338.000000
16809.000000 20331.000000
16866.000000 20308.000000
16864.000000 20313.000000
16821.000000 20316.000000
16884.000000 20306.000000
16817.000000 20321.000000
16898.000000 20298.000000
16962.000000 20294.000000
16995.000000 20285.000000
16983.000000 20286.000000
16977.000000 20289.000000
17033.000000 20275.000000
17015.000000 20281.000000
17065.000000 20256.000000
17073.000000 20245.000000
17201.000000 20202.000000
17228.000000 20196.000000
17244.000000 20192.000000
17279.000000 20182.000000
17256.000000 20191.000000
17311.000000 20175.000000
17349.000000 20163.000000
17384.000000 20157.000000
17375.000000 20158.000000
17408.000000 20148.000000
17426.000000 20125.000000
17451.000000 20122.000000
17416.000000 20129.000000
17414.000000 20136.000000
17483.000000 20098.000000
17462.000000 20109.000000
17477.000000 20103.000000
17490.000000 20091.000000
17524.000000 20090.000000
17733.000000 19998.000000
17775.000000 19996.000000
17795.000000 19971.000000
17838.000000 19956.000000
17804.000000 19962.000000
17872.000000 19943.000000
17880.000000 19935.000000
17889.000000 19934.000000
17942.000000 19873.000000
17940.000000 19883.000000
17927.000000 19892.000000
17897.000000 19917.000000
17934.000000 19889.000000
17924.000000 19913.000000
18031.000000 19812.000000
18005.000000 19833.000000
18073.000000 19810.000000
18007.000000 19819.000000
18004.000000 19842.000000
18115.000000 19768.000000
18130.000000 19762.000000
18158.000000 19756.000000
18191.000000 19726.000000
18192.000000 19722.000000
18209.000000 19719.000000
18241.000000 19698.000000
18238.000000 19699.000000
18287.000000 19663.000000
18277.000000 19668.000000
18275.000000 19682.000000
18286.000000 19667.000000
18242.000000 19684.000000
18374.000000 19587.000000
18399.000000 19580.000000
18405.000000 19569.000000
18449.000000 19543.000000
18417.000000 19568.000000
18436.000000 19554.000000
18475.000000 19525.000000
18504.000000 19511.000000
18474.000000 19528.000000
18512.000000 19501.000000
18497.000000 19521.000000
18534.000000 19500.000000
18503.000000 19514.000000
18380.000000 19585.000000
18370.000000 19596.000000
18432.000000 19560.000000
18476.000000 19524.000000
18648.000000 19382.000000
18630.000000 19387.000000
18677.000000 19351.000000
18651.000000 19356.000000
18653.000000 19354.000000
18786.000000 19243.000000
19084.000000 18941.000000
19123.000000 18909.000000
19081.000000 18949.000000
19112.000000 18914.000000
19261.000000 18706.000000
19239.000000 18710.000000
19236.000000 18734.000000
19221.000000 18752.000000
19225.000000 18737.000000
19232.000000 18736.000000
19223.000000 18739.000000
19278.000000 18678.000000
19264.000000 18680.000000
19302.000000 18622.000000
19301.000000 18650.000000
19308.000000 18614.000000
19320.000000 18609.000000
19336.000000 18584.000000
19333.000000 18595.000000
19346.000000 18567.000000
19350.000000 18557.000000
19697.000000 17944.000000
19671.000000 18007.000000
19699.000000 17916.000000
19331.000000 18607.000000
19292.000000 18657.000000
19395.000000 18480.000000
19367.000000 18528.000000
19379.000000 18503.000000
19451.000000 18390.000000
19745.000000 17795.000000
19773.000000 17733.000000
19786.000000 17700.000000
19775.000000 17706.000000
19731.000000 17850.000000
19719.000000 17903.000000
19721.000000 17857.000000
19741.000000 17812.000000
19737.000000 17822.000000
19757.000000 17777.000000
19761.000000 17755.000000
19763.000000 17751.000000
19791.000000 17689.000000
19793.000000 17637.000000
19804.000000 17636.000000
19625.000000 18083.000000
19617.000000 18106.000000
19965.000000 17107.000000
19964.000000 17114.000000
19966.000000 17089.000000
19976.000000 17068.000000
19970.000000 17087.000000
19977.000000 17065.000000
19987.000000 17048.000000
19998.000000 17019.000000
19988.000000 17037.000000
20001.000000 17013.000000
20004.000000 16887.000000
19989.000000 17032.000000
20015.000000 16873.000000
20003.000000 16986.000000
16261.000000 20388.000000
16242.000000 20395.000000
16081.000000 20400.000000
16614.000000 20352.000000
16494.000000 20361.000000
16448.000000 20368.000000
16461.000000 20367.000000
17843.000000 19955.000000
17632.000000 20054.000000
17653.000000 20040.000000
17593.000000 20063.000000
17559.000000 20066.000000
17191.000000 20219.000000
17176.000000 20225.000000
17173.000000 20226.000000
17160.000000 20241.000000
17200.000000 20218.000000
17189.000000 20224.000000
17694.000000 20036.000000
17705.000000 20023.000000
17723.000000 20012.000000
17717.000000 20014.000000
19092.000000 18935.000000
19063.000000 18997.000000
19025.000000 19043.000000
19061.000000 19016.000000
19029.000000 19027.000000
19069.000000 18979.000000
17714.000000 20020.000000
19212.000000 18764.000000
19653.000000 18025.000000
19679.000000 17985.000000
19586.000000 18152.000000
19587.000000 18142.000000
18361.000000 19648.000000
18340.000000 19660.000000
18575.000000 19463.000000
18552.000000 19472.000000
18616.000000 19430.000000
18625.000000 19391.000000
18658.000000 19353.000000
18633.000000 19384.000000
18737.000000 19305.000000
18700.000000 19341.000000
18714.000000 19315.000000
18708.000000 19327.000000
18751.000000 19267.000000
18775.000000 19263.000000
18746.000000 19293.000000
18787.000000 19238.000000
18780.000000 19246.000000
18825.000000 19235.000000
18830.000000 19222.000000
18826.000000 19223.000000
18854.000000 19189.000000
18853.000000 19200.000000
18852.000000 19212.000000
18870.000000 19185.000000
18877.000000 19170.000000
18904.000000 19156.000000
18883.000000 19162.000000
18880.000000 19163.000000
18873.000000 19182.000000
18921.000000 19142.000000
18886.000000 19158.000000
18925.000000 19121.000000
18922.000000 19137.000000
18943.000000 19109.000000
18933.000000 19111.000000
18930.000000 19120.000000
18965.000000 19093.000000
18971.000000 19090.000000
18962.000000 19106.000000
18992.000000 19086.000000
19008.000000 19057.000000
19000.000000 19080.000000
19006.000000 19072.000000
19017.000000 19055.000000
19102.000000 18916.000000
19132.000000 18886.000000
19154.000000 18860.000000
19128.000000 18900.000000
19152.000000 18878.000000
19158.000000 18844.000000
19569.000000 18174.000000
19561.000000 18198.000000
19557.000000 18208.000000
19194.000000 18810.000000
19204.000000 18786.000000
19195.000000 18790.000000
19209.000000 18778.000000
19199.000000 18788.000000
19673.000000 17992.000000
19374.000000 18513.000000
19387.000000 18486.000000
19391.000000 18484.000000
19434.000000 18423.000000
19421.000000 18439.000000
19416.000000 18460.000000
19446.000000 18410.000000
19469.000000 18382.000000
19478.000000 18377.000000
19503.000000 18339.000000
19488.000000 18359.000000
19497.000000 18344.000000
19493.000000 18354.000000
19592.000000 18134.000000
19606.000000 18112.000000
19646.000000 18038.000000
19661.000000 18018.000000
19652.000000 18029.000000
19645.000000 18061.000000
19450.000000 18395.000000
19505.000000 18300.000000
19509.000000 18296.000000
19529.000000 18277.000000
19522.000000 18293.000000
19532.000000 18262.000000
19215.000000 18760.000000
19184.000000 18839.000000
19541.000000 18229.000000
19685.000000 17951.000000
19700.000000 17913.000000
19704.000000 17911.000000
19867.000000 17433.000000
19856.000000 17452.000000
19892.000000 17373.000000
19882.000000 17385.000000
19855.000000 17476.000000
19828.000000 17615.000000
19844.000000 17486.000000
19838.000000 17593.000000
19874.000000 17430.000000
19920.000000 17334.000000
19906.000000 17349.000000
19958.000000 17213.000000
19946.000000 17234.000000
19952.000000 17214.000000
19960.000000 17132.000000
19963.000000 17123.000000
19972.000000 17081.000000
19942.000000 17275.000000
19781.000000 17702.000000
19978.000000 17063.000000
19984.000000 17052.000000
16211.000000 20421.000000
16332.000000 20417.000000
16378.000000 20404.000000
16418.000000 20400.000000
16439.000000 20398.000000
16463.000000 20394.000000
16374.000000 20407.000000
16478.000000 20391.000000
16535.000000 20384.000000
16532.000000 20390.000000
16616.000000 20373.000000
16603.000000 20381.000000
16623.000000 20372.000000
16630.000000 20370.000000
16647.000000 20360.000000
16653.000000 20358.000000
16756.000000 20333.000000
16753.000000 20334.000000
16782.000000 20318.000000
16864.000000 20316.000000
16770.000000 20319.000000
16761.000000 20326.000000
16919.000000 20298.000000
16930.000000 20293.000000
16991.000000 20283.000000
17006.000000 20273.000000
17011.000000 20267.000000
17100.000000 20245.000000
17080.000000 20252.000000
17151.000000 20230.000000
17243.000000 20221.000000
17264.000000 20204.000000
17265.000000 20198.000000
17259.000000 20210.000000
17254.000000 20217.000000
17159.000000 20228.000000
17185.000000 20222.000000
17294.000000 20188.000000
17293.000000 20190.000000
17347.000000 20173.000000
17306.000000 20178.000000
17365.000000 20158.000000
17399.000000 20131.000000
17487.000000 20101.000000
17444.000000 20112.000000
17451.000000 20109.000000
17474.000000 20106.000000
17552.000000 20085.000000
17551.000000 20090.000000
17575.000000 20070.000000
17541.000000 20093.000000
17685.000000 20002.000000
17716.000000 20001.000000
17828.000000 19956.000000
17863.000000 19920.000000
17870.000000 19915.000000
17875.000000 19911.000000
17860.000000 19928.000000
17429.000000 20115.000000
17413.000000 20127.000000
17414.000000 20121.000000
17439.000000 20113.000000
17664.000000 20003.000000
17627.000000 20027.000000
17614.000000 20029.000000
17936.000000 19865.000000
17966.000000 19857.000000
17986.000000 19850.000000
18100.000000 19772.000000
18087.000000 19785.000000
18096.000000 19778.000000
18098.000000 19774.000000
18129.000000 19764.000000
18231.000000 19700.000000
18209.000000 19707.000000
18183.000000 19729.000000
18184.000000 19711.000000
18229.000000 19701.000000
18064.000000 19812.000000
18141.000000 19747.000000
18441.000000 19525.000000
17987.000000 19825.000000
18591.000000 19377.000000
18606.000000 19364.000000
18512.000000 19483.000000
18552.000000 19451.000000
18548.000000 19463.000000
18562.000000 19440.000000
18577.000000 19438.000000
18589.000000 19416.000000
18431.000000 19550.000000
18414.000000 19556.000000
18440.000000 19539.000000
18482.000000 19502.000000
18486.000000 19490.000000
18508.000000 19484.000000
18513.000000 19478.000000
18534.000000 19464.000000
18814.000000 19224.000000
18840.000000 19174.000000
18853.000000 19159.000000
18925.000000 19115.000000
18940.000000 19086.000000
19115.000000 18823.000000
19145.000000 18800.000000
19106.000000 18856.000000
19171.000000 18747.000000
19215.000000 18695.000000
19188.000000 18724.000000
19220.000000 18678.000000
19300.000000 18587.000000
19351.000000 18534.000000
19320.000000 18568.000000
19366.000000 18498.000000
19396.000000 18457.000000
19358.000000 18521.000000
19405.000000 18445.000000
19425.000000 18421.000000
19411.000000 18437.000000
19410.000000 18438.000000
19311.000000 18584.000000
19326.000000 18561.000000
19321.000000 18567.000000
19318.000000 18578.000000
19332.000000 18558.000000
19339.000000 18538.000000
19371.000000 18492.000000
19412.000000 18436.000000
19770.000000 17768.000000
19838.000000 17612.000000
19840.000000 17607.000000
19878.000000 17494.000000
19883.000000 17491.000000
19893.000000 17482.000000
19903.000000 17471.000000
19922.000000 17388.000000
19904.000000 17447.000000
19841.000000 17586.000000
19874.000000 17495.000000
19848.000000 17581.000000
19855.000000 17573.000000
19856.000000 17554.000000
19860.000000 17549.000000
19928.000000 17317.000000
19929.000000 17311.000000
19872.000000 17510.000000
19868.000000 17532.000000
19927.000000 17323.000000
20004.000000 16839.000000
20013.000000 16806.000000
19984.000000 17036.000000
19995.000000 16934.000000
20014.000000 16713.000000
20024.000000 16675.000000
20033.000000 16653.000000
16560.000000 20382.000000
17133.000000 20243.000000
17042.000000 20266.000000
17060.000000 20260.000000
16943.000000 20288.000000
17657.000000 20015.000000
17589.000000 20031.000000
17761.000000 19995.000000
17804.000000 19985.000000
17795.000000 19990.000000
17822.000000 19976.000000
17820.000000 19984.000000
18960.000000 19020.000000
18967.000000 18988.000000
19003.000000 18984.000000
18783.000000 19260.000000
18831.000000 19200.000000
18818.000000 19222.000000
18813.000000 19228.000000
18808.000000 19236.000000
18792.000000 19259.000000
18793.000000 19252.000000
18776.000000 19265.000000
18759.000000 19301.000000
18750.000000 19304.000000
18742.000000 19307.000000
18726.000000 19340.000000
18738.000000 19335.000000
18703.000000 19362.000000
18710.000000 19348.000000
18727.000000 19338.000000
18470.000000 19520.000000
18475.000000 19506.000000
17882.000000 19905.000000
17907.000000 19892.000000
17901.000000 19904.000000
19082.000000 18944.000000
19090.000000 18927.000000
19062.000000 18961.000000
19084.000000 18931.000000
19448.000000 18364.000000
19286.000000 18629.000000
19285.000000 18663.000000
19293.000000 18619.000000
19296.000000 18617.000000
19268.000000 18670.000000
19280.000000 18669.000000
17913.000000 19883.000000
17914.000000 19871.000000
17970.000000 19856.000000
18008.000000 19823.000000
18027.000000 19813.000000
18025.000000 19814.000000
18233.000000 19691.000000
18272.000000 19680.000000
18295.000000 19659.000000
18322.000000 19654.000000
18345.000000 19646.000000
18346.000000 19638.000000
18354.000000 19629.000000
18368.000000 19626.000000
18392.000000 19611.000000
18372.000000 19616.000000
18389.000000 19614.000000
18390.000000 19613.000000
18401.000000 19608.000000
19756.000000 17846.000000
19764.000000 17822.000000
19092.000000 18915.000000
19063.000000 18948.000000
19088.000000 18928.000000
19768.000000 17787.000000
19733.000000 17879.000000
19748.000000 17858.000000
19732.000000 17886.000000
18483.000000 19493.000000
18452.000000 19523.000000
18843.000000 19162.000000
18874.000000 19132.000000
18857.000000 19154.000000
18870.000000 19148.000000
18891.000000 19123.000000
18900.000000 19120.000000
18942.000000 19081.000000
18931.000000 19096.000000
18937.000000 19090.000000
18955.000000 19070.000000
18935.000000 19092.000000
19455.000000 18360.000000
19505.000000 18308.000000
19378.000000 18488.000000
19414.000000 18422.000000
19472.000000 18329.000000
19440.000000 18375.000000
19446.000000 18365.000000
19456.000000 18348.000000
19387.000000 18485.000000
19394.000000 18478.000000
19388.000000 18479.000000
19407.000000 18443.000000
19400.000000 18448.000000
19439.000000 18400.000000
19426.000000 18407.000000
19470.000000 18342.000000
19502.000000 18324.000000
19513.000000 18304.000000
19507.000000 18307.000000
19532.000000 18289.000000
19519.000000 18293.000000
19536.000000 18279.000000
19550.000000 18246.000000
19561.000000 18220.000000
19570.000000 18205.000000
19580.000000 18195.000000
19600.000000 18162.000000
19574.000000 18200.000000
19588.000000 18176.000000
19614.000000 18160.000000
19634.000000 18107.000000
19632.000000 18116.000000
19653.000000 18060.000000
19644.000000 18098.000000
19652.000000 18067.000000
19657.000000 18047.000000
19647.000000 18080.000000
19660.000000 18040.000000
19794.000000 17757.000000
19792.000000 17760.000000
19795.000000 17752.000000
19805.000000 17746.000000
19821.000000 17707.000000
19833.000000 17684.000000
19581.000000 18181.000000
19615.000000 18126.000000
19674.000000 17963.000000
19667.000000 18029.000000
19673.000000 17995.000000
19702.000000 17902.000000
19696.000000 17927.000000
19688.000000 17960.000000
19719.000000 17892.000000
19701.000000 17907.000000
19988.000000 16990.000000
19968.000000 17107.000000
19948.000000 17211.000000
19933.000000 17286.000000
19970.000000 17106.000000
19955.000000 17168.000000
19964.000000 17145.000000
19951.000000 17189.000000
19963.000000 17146.000000
19991.000000 16955.000000
19980.000000 17093.000000
20003.000000 16906.000000
20000.000000 16932.000000
19936.000000 17247.000000
19937.000000 17221.000000
16106.000000 20436.000000
16350.000000 20407.000000
16476.000000 20389.000000
16430.000000 20401.000000
16442.000000 20398.000000
16549.000000 20382.000000
16557.000000 20371.000000
16527.000000 20385.000000
16791.000000 20336.000000
16783.000000 20337.000000
16802.000000 20329.000000
16872.000000 20328.000000
16906.000000 20309.000000
16939.000000 20308.000000
16879.000000 20326.000000
16961.000000 20291.000000
16983.000000 20280.000000
16975.000000 20286.000000
17125.000000 20231.000000
17260.000000 20184.000000
17314.000000 20172.000000
17339.000000 20162.000000
17310.000000 20175.000000
17336.000000 20164.000000
17360.000000 20157.000000
17382.000000 20148.000000
17385.000000 20142.000000
17419.000000 20140.000000
17429.000000 20114.000000
17492.000000 20081.000000
17468.000000 20106.000000
17473.000000 20096.000000
17593.000000 20066.000000
17606.000000 20058.000000
17651.000000 20042.000000
17654.000000 20034.000000
17650.000000 20050.000000
17690.000000 20028.000000
17699.000000 20022.000000
17703.000000 20014.000000
17768.000000 19997.000000
17745.000000 20010.000000
17750.000000 19999.000000
17566.000000 20074.000000
17546.000000 20075.000000
17870.000000 19939.000000
17848.000000 19963.000000
17856.000000 19944.000000
17895.000000 19920.000000
17872.000000 19934.000000
17937.000000 19899.000000
17980.000000 19868.000000
18006.000000 19846.000000
17997.000000 19852.000000
17994.000000 19855.000000
18045.000000 19834.000000
18058.000000 19818.000000
18110.000000 19781.000000
18109.000000 19786.000000
18127.000000 19760.000000
18124.000000 19763.000000
18152.000000 19759.000000
18173.000000 19742.000000
18177.000000 19734.000000
18155.000000 19747.000000
18210.000000 19725.000000
18216.000000 19721.000000
18219.000000 19706.000000
18206.000000 19726.000000
18241.000000 19701.000000
18113.000000 19775.000000
18253.000000 19666.000000
18410.000000 19576.000000
18411.000000 19575.000000
18403.000000 19577.000000
18412.000000 19570.000000
18432.000000 19556.000000
18419.000000 19564.000000
18624.000000 19349.000000
18789.000000 19235.000000
18801.000000 19220.000000
18548.000000 19414.000000
18577.000000 19376.000000
18570.000000 19385.000000
18588.000000 19366.000000
18609.000000 19356.000000
18595.000000 19358.000000
18961.000000 19034.000000
19027.000000 18975.000000
19043.000000 18938.000000
19089.000000 18908.000000
19067.000000 18933.000000
19075.000000 18914.000000
19090.000000 18903.000000
19081.000000 18912.000000
19103.000000 18898.000000
19109.000000 18885.000000
19104.000000 18895.000000
19231.000000 18779.000000
19244.000000 18761.000000
19252.000000 18738.000000
19245.000000 18746.000000
19255.000000 18730.000000
19214.000000 18780.000000
19259.000000 18707.000000
19258.000000 18714.000000
19272.000000 18701.000000
19288.000000 18696.000000
19304.000000 18656.000000
19312.000000 18644.000000
19352.000000 18593.000000
19347.000000 18611.000000
19369.000000 18551.000000
19359.000000 18562.000000
19408.000000 18511.000000
19410.000000 18499.000000
19399.000000 18526.000000
19401.000000 18514.000000
19409.000000 18500.000000
19424.000000 18491.000000
19557.000000 18233.000000
19556.000000 18261.000000
19441.000000 18474.000000
19457.000000 18431.000000
19584.000000 18154.000000
19618.000000 18054.000000
19629.000000 18052.000000
19686.000000 17927.000000
19695.000000 17898.000000
19706.000000 17863.000000
19697.000000 17893.000000
19713.000000 17852.000000
19760.000000 17729.000000
19763.000000 17720.000000
19769.000000 17719.000000
19708.000000 17860.000000
19801.000000 17657.000000
19752.000000 17802.000000
19986.000000 17006.000000
19981.000000 17048.000000
19993.000000 16952.000000
20001.000000 16928.000000
20008.000000 16852.000000
20003.000000 16907.000000
20002.000000 16915.000000
20016.000000 16785.000000
20011.000000 16820.000000
20006.000000 16904.000000
19994.000000 16939.000000
16475.000000 20391.000000
16285.000000 20421.000000
16282.000000 20422.000000
16236.000000 20429.000000
16320.000000 20408.000000
16294.000000 20416.000000
16312.000000 20413.000000
17182.000000 20210.000000
17167.000000 20216.000000
17226.000000 20195.000000
17223.000000 20208.000000
17083.000000 20258.000000
17102.000000 20234.000000
16996.000000 20259.000000
16759.000000 20347.000000
16719.000000 20353.000000
16686.000000 20364.000000
16706.000000 20354.000000
16636.000000 20365.000000
16887.000000 20312.000000
16886.000000 20320.000000
18062.000000 19792.000000
18402.000000 19599.000000
18368.000000 19620.000000
18360.000000 19637.000000
18319.000000 19660.000000
18322.000000 19649.000000
18328.000000 19647.000000
18795.000000 19226.000000
18719.000000 19297.000000
18703.000000 19316.000000
18654.000000 19337.000000
18688.000000 19326.000000
18663.000000 19328.000000
19203.000000 18786.000000
19198.000000 18791.000000
19190.000000 18809.000000
19172.000000 18833.000000
19182.000000 18815.000000
19180.000000 18829.000000
19148.000000 18857.000000
19151.000000 18855.000000
19164.000000 18843.000000
19146.000000 18876.000000
19162.000000 18844.000000
17789.000000 19974.000000
17812.000000 19973.000000
17776.000000 19975.000000
17775.000000 19991.000000
19037.000000 18961.000000
19026.000000 18997.000000
19029.000000 18972.000000
19007.000000 19021.000000
19004.000000 19026.000000
19614.000000 18121.000000
19616.000000 18116.000000
19593.000000 18148.000000
19598.000000 18128.000000
19578.000000 18175.000000
19577.000000 18230.000000
19582.000000 18174.000000
17857.000000 19941.000000
17900.000000 19910.000000
17904.000000 19906.000000
17929.000000 19905.000000
17897.000000 19911.000000
17940.000000 19897.000000
17948.000000 19883.000000
17958.000000 19878.000000
17962.000000 19872.000000
17946.000000 19891.000000
18776.000000 19272.000000
18731.000000 19289.000000
18730.000000 19291.000000
18755.000000 19275.000000
19549.000000 18305.000000
19528.000000 18327.000000
19552.000000 18294.000000
19498.000000 18328.000000
19497.000000 18340.000000
19864.000000 17518.000000
19892.000000 17479.000000
19844.000000 17593.000000
19860.000000 17583.000000
19831.000000 17614.000000
19829.000000 17615.000000
19833.000000 17612.000000
19827.000000 17624.000000
19841.000000 17611.000000
18459.000000 19449.000000
18453.000000 19451.000000
18449.000000 19460.000000
18463.000000 19447.000000
18492.000000 19435.000000
18496.000000 19423.000000
19328.000000 18637.000000
19333.000000 18618.000000
18793.000000 19229.000000
18814.000000 19212.000000
18858.000000 19211.000000
18862.000000 19196.000000
18876.000000 19183.000000
18866.000000 19188.000000
18877.000000 19182.000000
18740.000000 19276.000000
18896.000000 19126.000000
18895.000000 19141.000000
18900.000000 19125.000000
18914.000000 19124.000000
18938.000000 19105.000000
18928.000000 19113.000000
18940.000000 19092.000000
18937.000000 19109.000000
18953.000000 19087.000000
19684.000000 17975.000000
19680.000000 17991.000000
19677.000000 18049.000000
19329.000000 18632.000000
19967.000000 17167.000000
19448.000000 18459.000000
19463.000000 18427.000000
19469.000000 18407.000000
19455.000000 18436.000000
19466.000000 18410.000000
19495.000000 18351.000000
19487.000000 18399.000000
19494.000000 18375.000000
19949.000000 17284.000000
19960.000000 17253.000000
18972.000000 19028.000000
18969.000000 19031.000000
19744.000000 17803.000000
19743.000000 17845.000000
19356.000000 18585.000000
19378.000000 18549.000000
19775.000000 17692.000000
19759.000000 17778.000000
19792.000000 17685.000000
19806.000000 17648.000000
19899.000000 17389.000000
19927.000000 17343.000000
19929.000000 17319.000000
16151.000000 20452.000000
16090.000000 20456.000000
16295.000000 20430.000000
16251.000000 20444.000000
16366.000000 20415.000000
16388.000000 20407.000000
16365.000000 20422.000000
16432.000000 20405.000000
16512.000000 20383.000000
16547.000000 20379.000000
16518.000000 20382.000000
16534.000000 20380.000000
16580.000000 20373.000000
16610.000000 20359.000000
16603.000000 20361.000000
16646.000000 20351.000000
16703.000000 20338.000000
16752.000000 20318.000000
16715.000000 20328.000000
16913.000000 20265.000000
16887.000000 20272.000000
17029.000000 20235.000000
17014.000000 20239.000000
17007.000000 20243.000000
17098.000000 20233.000000
17101.000000 20224.000000
17141.000000 20221.000000
17148.000000 20218.000000
17182.000000 20212.000000
17177.000000 20216.000000
17233.000000 20202.000000
17199.000000 20211.000000
17220.000000 20205.000000
17243.000000 20199.000000
17289.000000 20173.000000
17279.000000 20174.000000
17305.000000 20162.000000
17303.000000 20169.000000
17323.000000 20161.000000
17334.000000 20155.000000
17346.000000 20154.000000
17384.000000 20145.000000
17401.000000 20141.000000
17404.000000 20140.000000
17385.000000 20142.000000
17372.000000 20151.000000
17412.000000 20133.000000
17450.000000 20089.000000
17420.000000 20117.000000
17480.000000 20088.000000
17448.000000 20108.000000
17503.000000 20086.000000
17611.000000 20052.000000
17566.000000 20082.000000
17661.000000 20014.000000
17640.000000 20032.000000
17653.000000 20018.000000
17729.000000 19993.000000
17755.000000 19968.000000
17769.000000 19958.000000
17745.000000 19987.000000
17777.000000 19955.000000
17821.000000 19947.000000
17850.000000 19920.000000
17845.000000 19926.000000
17840.000000 19930.000000
17879.000000 19908.000000
17870.000000 19909.000000
17869.000000 19918.000000
17922.000000 19899.000000
17892.000000 19900.000000
17887.000000 19904.000000
17628.000000 20051.000000
17709.000000 19998.000000
17779.000000 19948.000000
17936.000000 19864.000000
18032.000000 19809.000000
18143.000000 19728.000000
18121.000000 19751.000000
18164.000000 19726.000000
18213.000000 19686.000000
17924.000000 19872.000000
17986.000000 19847.000000
18003.000000 19824.000000
18040.000000 19804.000000
18041.000000 19803.000000
18062.000000 19792.000000
18087.000000 19777.000000
18050.000000 19802.000000
18054.000000 19793.000000
18100.000000 19765.000000
18099.000000 19766.000000
18129.000000 19745.000000
18096.000000 19767.000000
18172.000000 19719.000000
18406.000000 19569.000000
18393.000000 19589.000000
18388.000000 19599.000000
18287.000000 19660.000000
18335.000000 19641.000000
18344.000000 19639.000000
18353.000000 19635.000000
18228.000000 19685.000000
18200.000000 19713.000000
18210.000000 19699.000000
18230.000000 19674.000000
18271.000000 19664.000000
18628.000000 19345.000000
18618.000000 19358.000000
18631.000000 19331.000000
18636.000000 19328.000000
18645.000000 19321.000000
18664.000000 19320.000000
18678.000000 19315.000000
18713.000000 19309.000000
18720.000000 19289.000000
18741.000000 19268.000000
18729.000000 19282.000000
18760.000000 19261.000000
18787.000000 19232.000000
18747.000000 19263.000000
18782.000000 19238.000000
18764.000000 19249.000000
18791.000000 19227.000000
18866.000000 19173.000000
18853.000000 19180.000000
19223.000000 18698.000000
19228.000000 18679.000000
19249.000000 18648.000000
19261.000000 18634.000000
19251.000000 18647.000000
19263.000000 18633.000000
19276.000000 18627.000000
19266.000000 18628.000000
19293.000000 18622.000000
19296.000000 18609.000000
19305.000000 18601.000000
19312.000000 18592.000000
19309.000000 18599.000000
18476.000000 19491.000000
18509.000000 19476.000000
18513.000000 19466.000000
18611.000000 19380.000000
19554.000000 18185.000000
19524.000000 18247.000000
19542.000000 18194.000000
19579.000000 18135.000000
19591.000000 18108.000000
19589.000000 18128.000000
19598.000000 18098.000000
19595.000000 18106.000000
19617.000000 18090.000000
19625.000000 18083.000000
19799.000000 17633.000000
19809.000000 17629.000000
19823.000000 17581.000000
19815.000000 17588.000000
19350.000000 18522.000000
19825.000000 17560.000000
19873.000000 17449.000000
19881.000000 17430.000000
19891.000000 17404.000000
19888.000000 17421.000000
19901.000000 17373.000000
19900.000000 17378.000000
19890.000000 17409.000000
19892.000000 17400.000000
19904.000000 17328.000000
19908.000000 17305.000000
19914.000000 17290.000000
19902.000000 17343.000000
20021.000000 16746.000000
20028.000000 16733.000000
20002.000000 16952.000000
19976.000000 16995.000000
17003.000000 20247.000000
16955.000000 20256.000000
16938.000000 20260.000000
16899.000000 20267.000000
16838.000000 20282.000000
16812.000000 20315.000000
16680.000000 20350.000000
16592.000000 20369.000000
16598.000000 20366.000000
16640.000000 20358.000000
17166.000000 20217.000000
17275.000000 20182.000000
17251.000000 20196.000000
17268.000000 20186.000000
17258.000000 20192.000000
17259.000000 20190.000000
18519.000000 19424.000000
18479.000000 19484.000000
18480.000000 19480.000000
18461.000000 19492.000000
18460.000000 19516.000000
18431.000000 19551.000000
18452.000000 19533.000000
18458.000000 19531.000000
18450.000000 19534.000000
18448.000000 19540.000000
18578.000000 19421.000000
18576.000000 19423.000000
18604.000000 19420.000000
19559.000000 18170.000000
19555.000000 18173.000000
19578.000000 18166.000000
19529.000000 18244.000000
19515.000000 18248.000000
19537.000000 18226.000000
19492.000000 18329.000000
19454.000000 18371.000000
19453.000000 18408.000000
19486.000000 18363.000000
19502.000000 18322.000000
19432.000000 18425.000000
19433.000000 18415.000000
19423.000000 18447.000000
18229.000000 19680.000000
18244.000000 19666.000000
18305.000000 19645.000000
18890.000000 19140.000000
18889.000000 19146.000000
18870.000000 19172.000000
18892.000000 19138.000000
18887.000000 19157.000000
18884.000000 19168.000000
18897.000000 19136.000000
19736.000000 17815.000000
19738.000000 17812.000000
19853.000000 17496.000000
19840.000000 17533.000000
19856.000000 17489.000000
19852.000000 17522.000000
19842.000000 17524.000000
18947.000000 19085.000000
18966.000000 19045.000000
18972.000000 19026.000000
18967.000000 19032.000000
19013.000000 18978.000000
18992.000000 19008.000000
18979.000000 19016.000000
19031.000000 18963.000000
19042.000000 18939.000000
19095.000000 18933.000000
19112.000000 18893.000000
19175.000000 18809.000000
19155.000000 18870.000000
19166.000000 18815.000000
19178.000000 18802.000000
19199.000000 18787.000000
19191.000000 18798.000000
19219.000000 18772.000000
19222.000000 18749.000000
19211.000000 18773.000000
19207.000000 18780.000000
19972.000000 17043.000000
19639.000000 18027.000000
19626.000000 18055.000000
19649.000000 18017.000000
19669.000000 17986.000000
19654.000000 18009.000000
19675.000000 17975.000000
19667.000000 17991.000000
19690.000000 17954.000000
19685.000000 17961.000000
19702.000000 17919.000000
19693.000000 17942.000000
19698.000000 17932.000000
19700.000000 17925.000000
19321.000000 18572.000000
19304.000000 18608.000000
19334.000000 18561.000000
19290.000000 18625.000000
19370.000000 18469.000000
19369.000000 18504.000000
19705.000000 17911.000000
19731.000000 17857.000000
19744.000000 17804.000000
19720.000000 17858.000000
19742.000000 17806.000000
19735.000000 17829.000000
19758.000000 17798.000000
19775.000000 17744.000000
19771.000000 17775.000000
19772.000000 17764.000000
19784.000000 17711.000000
19782.000000 17726.000000
19790.000000 17689.000000
19785.000000 17699.000000
19924.000000 17237.000000
19718.000000 17881.000000
19814.000000 17600.000000
19831.000000 17537.000000
19661.000000 18003.000000
19905.000000 17314.000000
19921.000000 17258.000000
19919.000000 17259.000000
19975.000000 17019.000000
19971.000000 17059.000000
19989.000000 16992.000000
19999.000000 16959.000000
20004.000000 16926.000000
19990.000000 16968.000000
20011.000000 16910.000000
20019.000000 16856.000000
20017.000000 16908.000000
19945.000000 17169.000000
19942.000000 17207.000000
19955.000000 17158.000000
19952.000000 17168.000000
19967.000000 17127.000000
19968.000000 17060.000000
19961.000000 17149.000000
16583.000000 20382.000000
16577.000000 20387.000000
16578.000000 20383.000000
16637.000000 20380.000000
16733.000000 20357.000000
16687.000000 20374.000000
16718.000000 20366.000000
16714.000000 20368.000000
16752.000000 20344.000000
16693.000000 20369.000000
16784.000000 20337.000000
16792.000000 20327.000000
16825.000000 20324.000000
16891.000000 20308.000000
16925.000000 20293.000000
16874.000000 20313.000000
16896.000000 20301.000000
16963.000000 20279.000000
16934.000000 20292.000000
16977.000000 20274.000000
17030.000000 20266.000000
17043.000000 20252.000000
17003.000000 20272.000000
17101.000000 20244.000000
17149.000000 20240.000000
17295.000000 20174.000000
17400.000000 20142.000000
17429.000000 20121.000000
17406.000000 20135.000000
17500.000000 20113.000000
17503.000000 20102.000000
17475.000000 20115.000000
17317.000000 20173.000000
17283.000000 20175.000000
17319.000000 20165.000000
17273.000000 20185.000000
17351.000000 20157.000000
17360.000000 20149.000000
17425.000000 20124.000000
17411.000000 20126.000000
17449.000000 20118.000000
17512.000000 20081.000000
17539.000000 20067.000000
17603.000000 20054.000000
17618.000000 20041.000000
17635.000000 20032.000000
17660.000000 20023.000000
17692.000000 20022.000000
17713.000000 20010.000000
17517.000000 20074.000000
17567.000000 20063.000000
17810.000000 19944.000000
17831.000000 19930.000000
17817.000000 19938.000000
17868.000000 19920.000000
17536.000000 20070.000000
18046.000000 19771.000000
18071.000000 19751.000000
18048.000000 19759.000000
18150.000000 19740.000000
18161.000000 19717.000000
18152.000000 19727.000000
18199.000000 19702.000000
18230.000000 19699.000000
18190.000000 19708.000000
18265.000000 19667.000000
18252.000000 19669.000000
18247.000000 19685.000000
18301.000000 19646.000000
18279.000000 19662.000000
18284.000000 19651.000000
18276.000000 19666.000000
18305.000000 19627.000000
18308.000000 19626.000000
18334.000000 19614.000000
18327.000000 19623.000000
18337.000000 19603.000000
18326.000000 19624.000000
18569.000000 19449.000000
18600.000000 19421.000000
18570.000000 19442.000000
18578.000000 19431.000000
18397.000000 19589.000000
18378.000000 19593.000000
18435.000000 19553.000000
18558.000000 19467.000000
18598.000000 19424.000000
18589.000000 19426.000000
18631.000000 19395.000000
18612.000000 19416.000000
18674.000000 19341.000000
18668.000000 19365.000000
18655.000000 19382.000000
18737.000000 19316.000000
18713.000000 19324.000000
18760.000000 19282.000000
18756.000000 19286.000000
18815.000000 19231.000000
18819.000000 19223.000000
18853.000000 19215.000000
18854.000000 19205.000000
18874.000000 19200.000000
18881.000000 19193.000000
18931.000000 19147.000000
18937.000000 19135.000000
18943.000000 19133.000000
18983.000000 19106.000000
18959.000000 19128.000000
19248.000000 18705.000000
19247.000000 18715.000000
19108.000000 18920.000000
19122.000000 18894.000000
19653.000000 18029.000000
19663.000000 17985.000000
19657.000000 17995.000000
19660.000000 17992.000000
19643.000000 18054.000000
19662.000000 17991.000000
19686.000000 17973.000000
19720.000000 17903.000000
19724.000000 17876.000000
19733.000000 17870.000000
19719.000000 17931.000000
19721.000000 17899.000000
19655.000000 18018.000000
19688.000000 17950.000000
19761.000000 17725.000000
19892.000000 17415.000000
19903.000000 17394.000000
19917.000000 17344.000000
19910.000000 17362.000000
19908.000000 17391.000000
19872.000000 17470.000000
19874.000000 17447.000000
19955.000000 17169.000000
19957.000000 17155.000000
19968.000000 17094.000000
19990.000000 16990.000000
19854.000000 17512.000000
19757.000000 17755.000000
19972.000000 17092.000000
19965.000000 17141.000000
19966.000000 17101.000000
19984.000000 17069.000000
16533.000000 20402.000000
16550.000000 20392.000000
16559.000000 20389.000000
16470.000000 20412.000000
16354.000000 20428.000000
16434.000000 20421.000000
16367.000000 20427.000000
16409.000000 20426.000000
16828.000000 20321.000000
16830.000000 20317.000000
16811.000000 20325.000000
17322.000000 20162.000000
17263.000000 20209.000000
17187.000000 20235.000000
17234.000000 20223.000000
17221.000000 20224.000000
17207.000000 20225.000000
17240.000000 20222.000000
17200.000000 20228.000000
17953.000000 19898.000000
17918.000000 19912.000000
17923.000000 19906.000000
17911.000000 19914.000000
18693.000000 19334.000000
17720.000000 20009.000000
17736.000000 19997.000000
17737.000000 19992.000000
17758.000000 19990.000000
17723.000000 19998.000000
18509.000000 19517.000000
18526.000000 19512.000000
18529.000000 19498.000000
18896.000000 19178.000000
18899.000000 19177.000000
18889.000000 19192.000000
18906.000000 19172.000000
18910.000000 19171.000000
18914.000000 19165.000000
18431.000000 19571.000000
18406.000000 19581.000000
18421.000000 19580.000000
18803.000000 19277.000000
19627.000000 18080.000000
19629.000000 18055.000000
19611.000000 18115.000000
19621.000000 18108.000000
19592.000000 18156.000000
19608.000000 18131.000000
19605.000000 18136.000000
19600.000000 18155.000000
19589.000000 18189.000000
19588.000000 18192.000000
19568.000000 18237.000000
19571.000000 18236.000000
19587.000000 18201.000000
19574.000000 18215.000000
19581.000000 18206.000000
18175.000000 19714.000000
17975.000000 19834.000000
17984.000000 19825.000000
18000.000000 19818.000000
18012.000000 19812.000000
18487.000000 19532.000000
18483.000000 19542.000000
18549.000000 19485.000000
18568.000000 19466.000000
18537.000000 19489.000000
19858.000000 17477.000000
19840.000000 17570.000000
19844.000000 17554.000000
19835.000000 17598.000000
19832.000000 17637.000000
19134.000000 18863.000000
19136.000000 18861.000000
19130.000000 18882.000000
19172.000000 18858.000000
19198.000000 18830.000000
19175.000000 18844.000000
19217.000000 18788.000000
19211.000000 18807.000000
19203.000000 18813.000000
18995.000000 19051.000000
18987.000000 19067.000000
19005.000000 19046.000000
18999.000000 19049.000000
19021.000000 19030.000000
19032.000000 19022.000000
19010.000000 19040.000000
18804.000000 19232.000000
19036.000000 18991.000000
19053.000000 18970.000000
19048.000000 18977.000000
19069.000000 18942.000000
19074.000000 18932.000000
19061.000000 18955.000000
19219.000000 18722.000000
19233.000000 18720.000000
19280.000000 18666.000000
19264.000000 18687.000000
19268.000000 18682.000000
19263.000000 18694.000000
19285.000000 18664.000000
19300.000000 18649.000000
19326.000000 18623.000000
19357.000000 18567.000000
19346.000000 18600.000000
19363.000000 18546.000000
19361.000000 18555.000000
19370.000000 18544.000000
19388.000000 18530.000000
19402.000000 18511.000000
19404.000000 18490.000000
19415.000000 18484.000000
19438.000000 18377.000000
19462.000000 18365.000000
19468.000000 18333.000000
19477.000000 18328.000000
19483.000000 18321.000000
19494.000000 18312.000000
19507.000000 18300.000000
19509.000000 18299.000000
19520.000000 18290.000000
19523.000000 18289.000000
19527.000000 18262.000000
19538.000000 18252.000000
19701.000000 17934.000000
19678.000000 17974.000000
19675.000000 17984.000000
19645.000000 18034.000000
19747.000000 17820.000000
19750.000000 17809.000000
19744.000000 17834.000000
19740.000000 17859.000000
19425.000000 18410.000000
19913.000000 17354.000000
19921.000000 17330.000000
19909.000000 17368.000000
19930.000000 17281.000000
19925.000000 17308.000000
19751.000000 17768.000000
19800.000000 17679.000000
19841.000000 17564.000000
19875.000000 17442.000000
19890.000000 17428.000000
19945.000000 17220.000000
19936.000000 17276.000000
19676.000000 17979.000000
19782.000000 17708.000000
19985.000000 16998.000000
19993.000000 16966.000000
20011.000000 16856.000000
19998.000000 16961.000000
19952.000000 17172.000000
20000.000000 16912.000000
20003.000000 16866.000000
20012.000000 16818.000000
