
7868.000000 10033.000000 
7925.000000 10023.000000 
7957.000000 10000.000000 
8050.000000 9955.000000 
8042.000000 9970.000000 
8228.000000 9918.000000 
8226.000000 9929.000000 
8309.000000 9916.000000 
8352.000000 9899.000000 
8336.000000 9912.000000 
8399.000000 9875.000000 
8698.000000 9724.000000 
8704.000000 9714.000000 
8702.000000 9716.000000 
8751.000000 9702.000000 
8768.000000 9698.000000 
8777.000000 9689.000000 
8843.000000 9642.000000 
8865.000000 9628.000000 
8878.000000 9604.000000 
8874.000000 9608.000000 
8876.000000 9606.000000 
8909.000000 9589.000000 
8932.000000 9562.000000 
8946.000000 9559.000000 
8964.000000 9540.000000 
9067.000000 9413.000000 
9061.000000 9417.000000 
9057.000000 9462.000000 
9074.000000 9411.000000 
9081.000000 9406.000000 
9048.000000 9476.000000 
9197.000000 9314.000000 
9182.000000 9317.000000 
9226.000000 9268.000000 
9218.000000 9299.000000 
9220.000000 9281.000000 
9227.000000 9265.000000 
9244.000000 9264.000000 
9249.000000 9251.000000 
9304.000000 9234.000000 
9323.000000 9220.000000 
9307.000000 9222.000000 
9334.000000 9198.000000 
9363.000000 9182.000000 
9388.000000 9127.000000 
9364.000000 9171.000000 
9384.000000 9146.000000 
9385.000000 9131.000000 
9368.000000 9156.000000 
9375.000000 9151.000000 
9432.000000 9032.000000 
9461.000000 9013.000000 
9474.000000 8972.000000 
9464.000000 9008.000000 
9460.000000 9030.000000 
9470.000000 9002.000000 
9498.000000 8940.000000 
9471.000000 8974.000000 
9513.000000 8925.000000 
9493.000000 8961.000000 
9492.000000 8966.000000 
9503.000000 8938.000000 
9614.000000 8775.000000 
9605.000000 8785.000000 
9621.000000 8767.000000 
9637.000000 8720.000000 
9626.000000 8755.000000 
9643.000000 8688.000000 
9650.000000 8667.000000 
9636.000000 8744.000000 
9699.000000 8535.000000 
9710.000000 8492.000000 
9703.000000 8509.000000 
9708.000000 8502.000000 
9713.000000 8490.000000 
9714.000000 8471.000000 
9722.000000 8450.000000 
9737.000000 8447.000000 
9738.000000 8400.000000 
9745.000000 8329.000000 
9740.000000 8387.000000 
9747.000000 8327.000000 
9741.000000 8364.000000 
8406.000000 9825.000000 
8442.000000 9809.000000 
8413.000000 9811.000000 
8567.000000 9776.000000 
8509.000000 9805.000000 
8521.000000 9792.000000 
8518.000000 9793.000000 
8562.000000 9781.000000 
8564.000000 9779.000000 
8554.000000 9791.000000 
8624.000000 9772.000000 
8635.000000 9755.000000 
8634.000000 9757.000000 
8662.000000 9751.000000 
8672.000000 9745.000000 
8978.000000 9506.000000 
9065.000000 9415.000000 
9149.000000 9325.000000 
9157.000000 9318.000000 
9119.000000 9370.000000 
9390.000000 9049.000000 
9519.000000 8902.000000 
9538.000000 8888.000000 
9528.000000 8893.000000 
9547.000000 8877.000000 
9556.000000 8860.000000 
9564.000000 8840.000000 
9552.000000 8872.000000 
9560.000000 8846.000000 
9557.000000 8858.000000 
9588.000000 8828.000000 
9595.000000 8810.000000 
9596.000000 8788.000000 
9658.000000 8640.000000 
9651.000000 8642.000000 
9679.000000 8561.000000 
9667.000000 8630.000000 
9701.000000 8531.000000 
9715.000000 8464.000000 
9694.000000 8549.000000 
9758.000000 8296.000000 
9765.000000 8241.000000 
9759.000000 8264.000000 
9764.000000 8261.000000 
9753.000000 8310.000000 
9767.000000 8205.000000 

7891.000000 9996.000000 
7923.000000 9992.000000 
9568.000000 8892.000000 
9575.000000 8874.000000 
9611.000000 8744.000000 
9651.000000 8615.000000 
9648.000000 8634.000000 
9684.000000 8538.000000 
9668.000000 8609.000000 
9650.000000 8632.000000 
9675.000000 8564.000000 
9676.000000 8545.000000 
9699.000000 8477.000000 
9719.000000 8400.000000 
9729.000000 8387.000000 
9737.000000 8330.000000 
9711.000000 8446.000000 
9712.000000 8414.000000 
8256.000000 9844.000000 
8236.000000 9850.000000 
7944.000000 9948.000000 
7924.000000 9968.000000 
8183.000000 9918.000000 
8093.000000 9941.000000 
8139.000000 9930.000000 
8190.000000 9898.000000 
8208.000000 9897.000000 
8518.000000 9780.000000 
8479.000000 9788.000000 
8535.000000 9772.000000 
8504.000000 9784.000000 
8486.000000 9785.000000 
8549.000000 9763.000000 
8556.000000 9759.000000 
8538.000000 9767.000000 
8592.000000 9755.000000 
8605.000000 9733.000000 
8684.000000 9708.000000 
8699.000000 9704.000000 
8672.000000 9713.000000 
8768.000000 9676.000000 
8733.000000 9690.000000 
8728.000000 9693.000000 
8783.000000 9662.000000 
8778.000000 9663.000000 
8792.000000 9660.000000 
8802.000000 9640.000000 
8805.000000 9631.000000 
8863.000000 9596.000000 
8856.000000 9600.000000 
8853.000000 9601.000000 
8858.000000 9599.000000 
8849.000000 9606.000000 
8949.000000 9570.000000 
8894.000000 9587.000000 
8908.000000 9583.000000 
8967.000000 9551.000000 
9017.000000 9495.000000 
8991.000000 9507.000000 
8985.000000 9508.000000 
9004.000000 9506.000000 
9009.000000 9499.000000 
9091.000000 9449.000000 
9096.000000 9438.000000 
9129.000000 9391.000000 
9126.000000 9431.000000 
9150.000000 9387.000000 
9168.000000 9385.000000 
9182.000000 9359.000000 
9210.000000 9341.000000 
9201.000000 9342.000000 
9188.000000 9349.000000 
9184.000000 9358.000000 
9253.000000 9285.000000 
9279.000000 9279.000000 
9280.000000 9252.000000 
9286.000000 9247.000000 
9305.000000 9237.000000 
9378.000000 9108.000000 
9367.000000 9135.000000 
9351.000000 9169.000000 
9358.000000 9144.000000 
9406.000000 9105.000000 
9460.000000 9048.000000 
9441.000000 9070.000000 
9430.000000 9082.000000 
9420.000000 9093.000000 
9496.000000 8984.000000 
9480.000000 9013.000000 
9489.000000 8993.000000 
9503.000000 8977.000000 
9488.000000 8998.000000 
9523.000000 8951.000000 
9508.000000 8974.000000 
9510.000000 8973.000000 
9541.000000 8938.000000 
9557.000000 8909.000000 
9548.000000 8920.000000 
9598.000000 8818.000000 
9596.000000 8829.000000 
9587.000000 8867.000000 
9601.000000 8803.000000 
9606.000000 8783.000000 
9628.000000 8716.000000 
9639.000000 8650.000000 
9635.000000 8703.000000 
9687.000000 8510.000000 
9708.000000 8458.000000 
9698.000000 8504.000000 
