
8305.000000 9901.000000 
8287.000000 9902.000000 
8336.000000 9889.000000 
8318.000000 9890.000000 
8406.000000 9816.000000 
8405.000000 9840.000000 
8979.000000 9511.000000 
9008.000000 9486.000000 
9130.000000 9365.000000 
9195.000000 9298.000000 
9190.000000 9320.000000 
9201.000000 9296.000000 
9212.000000 9293.000000 
9210.000000 9295.000000 
9238.000000 9280.000000 
9312.000000 9213.000000 
9289.000000 9237.000000 
9336.000000 9186.000000 
9319.000000 9195.000000 
9324.000000 9188.000000 
9356.000000 9172.000000 
9372.000000 9166.000000 
9392.000000 9143.000000 
9430.000000 9019.000000 
9418.000000 9070.000000 
9424.000000 9026.000000 
9450.000000 9018.000000 
9482.000000 8970.000000 
9505.000000 8911.000000 
9479.000000 8980.000000 
9495.000000 8952.000000 
9496.000000 8949.000000 
9519.000000 8845.000000 
9695.000000 8473.000000 
9024.000000 9478.000000 
8482.000000 9763.000000 
8449.000000 9765.000000 
8470.000000 9764.000000 
8409.000000 9792.000000 
8427.000000 9782.000000 
7989.000000 9973.000000 
7980.000000 9975.000000 
8083.000000 9966.000000 
8052.000000 9967.000000 
8038.000000 9972.000000 
8137.000000 9956.000000 
8101.000000 9961.000000 
8192.000000 9929.000000 
8174.000000 9950.000000 
8186.000000 9939.000000 
8240.000000 9926.000000 
8203.000000 9927.000000 
8256.000000 9917.000000 
8574.000000 9734.000000 
8570.000000 9744.000000 
8591.000000 9732.000000 
8629.000000 9731.000000 
8693.000000 9715.000000 
8636.000000 9719.000000 
8741.000000 9681.000000 
8710.000000 9697.000000 
8762.000000 9680.000000 
8720.000000 9689.000000 
8772.000000 9670.000000 
8784.000000 9665.000000 
8792.000000 9649.000000 
8788.000000 9659.000000 
8806.000000 9640.000000 
8799.000000 9644.000000 
8849.000000 9610.000000 
8872.000000 9600.000000 
8863.000000 9605.000000 
8901.000000 9584.000000 
8873.000000 9592.000000 
8917.000000 9563.000000 
8921.000000 9542.000000 
8965.000000 9541.000000 
8977.000000 9521.000000 
9002.000000 9496.000000 
9116.000000 9405.000000 
9089.000000 9447.000000 
9078.000000 9460.000000 
9112.000000 9424.000000 
9101.000000 9427.000000 
9091.000000 9445.000000 
9092.000000 9436.000000 
9181.000000 9351.000000 
9050.000000 9469.000000 
9228.000000 9291.000000 
9276.000000 9243.000000 
9265.000000 9265.000000 
9487.000000 8959.000000 
9254.000000 9268.000000 
9469.000000 9006.000000 
9497.000000 8930.000000 
9535.000000 8817.000000 
9583.000000 8784.000000 
9603.000000 8713.000000 
9610.000000 8689.000000 
9604.000000 8710.000000 
9503.000000 8914.000000 
9506.000000 8892.000000 
9523.000000 8839.000000 
9537.000000 8811.000000 
9590.000000 8766.000000 
9600.000000 8753.000000 
9574.000000 8795.000000 
9630.000000 8682.000000 
9635.000000 8647.000000 
9639.000000 8594.000000 
9682.000000 8517.000000 
9665.000000 8584.000000 
9670.000000 8545.000000 
9683.000000 8513.000000 
9641.000000 8585.000000 
