
7651.000000 10012.000000 
7777.000000 10002.000000 
7661.000000 10005.000000 
9477.000000 8892.000000 
9476.000000 8896.000000 
9465.000000 8920.000000 
9488.000000 8889.000000 
9494.000000 8861.000000 
9493.000000 8883.000000 
9512.000000 8831.000000 
9535.000000 8801.000000 
9534.000000 8814.000000 
9563.000000 8768.000000 
9565.000000 8699.000000 
9577.000000 8698.000000 
9586.000000 8687.000000 
9603.000000 8686.000000 
9623.000000 8626.000000 
9657.000000 8452.000000 
9646.000000 8573.000000 
9641.000000 8608.000000 
9656.000000 8470.000000 
9655.000000 8503.000000 

7975.000000 9953.000000 
7970.000000 9967.000000 
7987.000000 9951.000000 
8168.000000 9900.000000 
8259.000000 9897.000000 
8269.000000 9891.000000 
8384.000000 9841.000000 
8376.000000 9855.000000 
8378.000000 9851.000000 
8386.000000 9839.000000 
8363.000000 9865.000000 
8524.000000 9814.000000 
8526.000000 9812.000000 
8567.000000 9806.000000 
8591.000000 9721.000000 
8734.000000 9660.000000 
8772.000000 9639.000000 
8781.000000 9637.000000 
8824.000000 9635.000000 
8862.000000 9614.000000 
8869.000000 9607.000000 
8909.000000 9600.000000 
8926.000000 9571.000000 
8914.000000 9578.000000 
8952.000000 9525.000000 
8986.000000 9479.000000 
8965.000000 9505.000000 
8942.000000 9559.000000 
9069.000000 9416.000000 
9114.000000 9374.000000 
9099.000000 9400.000000 
9130.000000 9366.000000 
9146.000000 9351.000000 
9155.000000 9349.000000 
9178.000000 9345.000000 
9195.000000 9304.000000 
9194.000000 9308.000000 
9193.000000 9340.000000 
9202.000000 9301.000000 
9211.000000 9295.000000 
9259.000000 9251.000000 
9235.000000 9273.000000 
9248.000000 9262.000000 
9317.000000 9190.000000 
9283.000000 9227.000000 
9321.000000 9163.000000 
9296.000000 9225.000000 
9371.000000 9127.000000 
9345.000000 9151.000000 
9334.000000 9160.000000 
9346.000000 9134.000000 
9361.000000 9133.000000 
9404.000000 9078.000000 
9373.000000 9117.000000 
9397.000000 9090.000000 
9429.000000 9065.000000 
9443.000000 9014.000000 
9469.000000 9009.000000 
9434.000000 9018.000000 
9431.000000 9022.000000 
9430.000000 9048.000000 
9473.000000 8982.000000 
9492.000000 8977.000000 
9502.000000 8964.000000 
9521.000000 8897.000000 
9520.000000 8946.000000 
9531.000000 8894.000000 
9552.000000 8828.000000 
9559.000000 8824.000000 
9569.000000 8797.000000 
9551.000000 8858.000000 
9571.000000 8775.000000 
9572.000000 8737.000000 
9573.000000 8735.000000 
9580.000000 8700.000000 
9577.000000 8733.000000 
9594.000000 8690.000000 
9578.000000 8718.000000 
9581.000000 8698.000000 
9607.000000 8688.000000 
9651.000000 8604.000000 
9652.000000 8572.000000 
9648.000000 8627.000000 
9657.000000 8566.000000 
9637.000000 8649.000000 
9638.000000 8640.000000 
9662.000000 8528.000000 
9670.000000 8518.000000 
9671.000000 8440.000000 
9681.000000 8409.000000 

7978.000000 9924.000000 
8025.000000 9919.000000 
7845.000000 9928.000000 
8154.000000 9878.000000 
8153.000000 9885.000000 
8128.000000 9893.000000 
8197.000000 9873.000000 
8198.000000 9869.000000 
8191.000000 9876.000000 
8300.000000 9864.000000 
8348.000000 9841.000000 
8383.000000 9828.000000 
8339.000000 9858.000000 
8432.000000 9823.000000 
8451.000000 9793.000000 
8448.000000 9796.000000 
8582.000000 9745.000000 
8624.000000 9711.000000 
8598.000000 9737.000000 
8676.000000 9657.000000 
8665.000000 9666.000000 
8760.000000 9634.000000 
8781.000000 9602.000000 
8940.000000 9483.000000 
8949.000000 9437.000000 
8910.000000 9494.000000 
9021.000000 9421.000000 
9029.000000 9417.000000 
9054.000000 9391.000000 
9031.000000 9415.000000 
9115.000000 9366.000000 
9113.000000 9381.000000 
9163.000000 9363.000000 
9201.000000 9312.000000 
9176.000000 9341.000000 
9189.000000 9332.000000 
9196.000000 9315.000000 
9276.000000 9228.000000 
9265.000000 9229.000000 
9277.000000 9211.000000 
9306.000000 9201.000000 
9339.000000 9148.000000 
9309.000000 9173.000000 
9319.000000 9155.000000 
9422.000000 9047.000000 
9398.000000 9088.000000 
9414.000000 9087.000000 
9439.000000 9013.000000 
9438.000000 9032.000000 
9485.000000 8950.000000 
9475.000000 8974.000000 
9481.000000 8961.000000 
9526.000000 8911.000000 
9541.000000 8881.000000 
9528.000000 8907.000000 
9552.000000 8843.000000 
9562.000000 8828.000000 
9576.000000 8803.000000 
9549.000000 8850.000000 
9607.000000 8711.000000 
9589.000000 8798.000000 
9594.000000 8739.000000 
9601.000000 8726.000000 
9604.000000 8716.000000 
9602.000000 8721.000000 
9646.000000 8687.000000 
9650.000000 8642.000000 
9652.000000 8636.000000 
9674.000000 8586.000000 
9687.000000 8502.000000 
9680.000000 8537.000000 
9692.000000 8434.000000 
9698.000000 8390.000000 
9703.000000 8371.000000 
9654.000000 8619.000000 
9694.000000 8422.000000 

7854.000000 9943.000000 
7703.000000 9966.000000 
7667.000000 9972.000000 
8141.000000 9935.000000 
8168.000000 9916.000000 
8150.000000 9923.000000 
8248.000000 9903.000000 
8319.000000 9882.000000 
8279.000000 9889.000000 
8357.000000 9860.000000 
8367.000000 9854.000000 
8430.000000 9831.000000 
8385.000000 9840.000000 
8538.000000 9797.000000 
8482.000000 9812.000000 
8522.000000 9810.000000 
8655.000000 9753.000000 
8600.000000 9781.000000 
8631.000000 9769.000000 
8618.000000 9777.000000 
8598.000000 9789.000000 
8644.000000 9767.000000 
8674.000000 9725.000000 
8668.000000 9728.000000 
8695.000000 9715.000000 
8700.000000 9712.000000 
8748.000000 9696.000000 
8876.000000 9593.000000 
8881.000000 9531.000000 
8887.000000 9529.000000 
8974.000000 9472.000000 
8985.000000 9467.000000 
8970.000000 9473.000000 
8984.000000 9469.000000 
9031.000000 9441.000000 
9107.000000 9393.000000 
9091.000000 9407.000000 
9081.000000 9435.000000 
9164.000000 9342.000000 
9141.000000 9355.000000 
9130.000000 9369.000000 
9133.000000 9359.000000 
9157.000000 9343.000000 
9155.000000 9353.000000 
9199.000000 9288.000000 
9198.000000 9298.000000 
9193.000000 9319.000000 
9251.000000 9246.000000 
9250.000000 9261.000000 
9281.000000 9208.000000 
9274.000000 9238.000000 
9288.000000 9164.000000 
9323.000000 9126.000000 
9299.000000 9128.000000 
9383.000000 9058.000000 
9381.000000 9080.000000 
9443.000000 9017.000000 
9435.000000 9019.000000 
9455.000000 9003.000000 
9477.000000 8979.000000 
9465.000000 8988.000000 
9487.000000 8966.000000 
9517.000000 8891.000000 
9494.000000 8948.000000 
9514.000000 8920.000000 
9511.000000 8936.000000 
9525.000000 8884.000000 
9535.000000 8844.000000 
9533.000000 8883.000000 
9547.000000 8838.000000 
9568.000000 8827.000000 
9604.000000 8815.000000 
9617.000000 8791.000000 
9605.000000 8813.000000 
9621.000000 8784.000000 
9614.000000 8803.000000 
9636.000000 8737.000000 
9626.000000 8750.000000 
9640.000000 8726.000000 
9635.000000 8747.000000 
9656.000000 8678.000000 
9649.000000 8688.000000 
9668.000000 8595.000000 
9670.000000 8574.000000 
9673.000000 8567.000000 
9674.000000 8560.000000 
9685.000000 8554.000000 
9663.000000 8629.000000 
9666.000000 8605.000000 
9693.000000 8488.000000 

7974.000000 9982.000000 
9352.000000 8783.000000 
9630.000000 8724.000000 
9621.000000 8736.000000 
9651.000000 8687.000000 
9658.000000 8652.000000 
9642.000000 8698.000000 
9690.000000 8576.000000 
9692.000000 8554.000000 
9688.000000 8591.000000 
9707.000000 8507.000000 
9705.000000 8548.000000 
9723.000000 8478.000000 
9735.000000 8389.000000 
9744.000000 8284.000000 
9729.000000 8422.000000 
9741.000000 8320.000000 
9739.000000 8336.000000 
9751.000000 8274.000000 
