
7695.000000 9999.000000 
7633.000000 10002.000000 
7825.000000 9995.000000 

7827.000000 10014.000000 
7864.000000 10009.000000 
7903.000000 10006.000000 
7902.000000 10008.000000 
7974.000000 9986.000000 
7940.000000 9987.000000 
8007.000000 9983.000000 
8016.000000 9982.000000 
8101.000000 9968.000000 
8134.000000 9943.000000 
8104.000000 9950.000000 
8105.000000 9944.000000 
8154.000000 9939.000000 
8172.000000 9931.000000 
8252.000000 9918.000000 
8219.000000 9929.000000 
8226.000000 9925.000000 
8221.000000 9927.000000 
8278.000000 9908.000000 
8336.000000 9880.000000 
8341.000000 9874.000000 
8601.000000 9759.000000 
8622.000000 9748.000000 
8600.000000 9762.000000 
8599.000000 9774.000000 
8633.000000 9733.000000 
8621.000000 9753.000000 
8631.000000 9740.000000 
8702.000000 9732.000000 
8731.000000 9716.000000 
8738.000000 9710.000000 
8791.000000 9679.000000 
8762.000000 9702.000000 
8777.000000 9692.000000 
8771.000000 9701.000000 
8810.000000 9665.000000 
8825.000000 9652.000000 
8818.000000 9654.000000 
8798.000000 9670.000000 
8845.000000 9638.000000 
8837.000000 9649.000000 
8852.000000 9636.000000 
8856.000000 9627.000000 
8816.000000 9661.000000 
8915.000000 9581.000000 
8880.000000 9586.000000 
8877.000000 9602.000000 
8979.000000 9554.000000 
9023.000000 9521.000000 
9058.000000 9491.000000 
9095.000000 9477.000000 
9116.000000 9432.000000 
9106.000000 9455.000000 
9119.000000 9419.000000 
9139.000000 9415.000000 
9199.000000 9371.000000 
9163.000000 9380.000000 
9161.000000 9392.000000 
9164.000000 9376.000000 
9210.000000 9333.000000 
9227.000000 9329.000000 
9200.000000 9345.000000 

7957.000000 9985.000000 
7803.000000 9998.000000 
7875.000000 9997.000000 
8130.000000 9973.000000 
8196.000000 9956.000000 
8188.000000 9963.000000 
8283.000000 9897.000000 
8392.000000 9878.000000 
8384.000000 9896.000000 
8402.000000 9863.000000 
8452.000000 9852.000000 
8482.000000 9846.000000 
8492.000000 9840.000000 
8551.000000 9819.000000 
8521.000000 9821.000000 
8576.000000 9802.000000 
8603.000000 9780.000000 
8621.000000 9765.000000 
8637.000000 9762.000000 
8649.000000 9740.000000 
8639.000000 9746.000000 
8723.000000 9680.000000 
8706.000000 9684.000000 
8724.000000 9671.000000 
8766.000000 9658.000000 
8778.000000 9647.000000 
8796.000000 9643.000000 
8814.000000 9633.000000 
8884.000000 9595.000000 
8833.000000 9632.000000 
8851.000000 9617.000000 
8869.000000 9600.000000 
8886.000000 9593.000000 
8875.000000 9597.000000 
8964.000000 9525.000000 
8966.000000 9491.000000 
9000.000000 9457.000000 
8959.000000 9528.000000 
8985.000000 9481.000000 
9069.000000 9442.000000 
9089.000000 9425.000000 
9099.000000 9402.000000 
9138.000000 9364.000000 
9121.000000 9395.000000 
9194.000000 9337.000000 
9213.000000 9321.000000 
9240.000000 9274.000000 
9225.000000 9296.000000 
9298.000000 9221.000000 
9248.000000 9273.000000 
9302.000000 9181.000000 
9294.000000 9224.000000 
9305.000000 9173.000000 
9281.000000 9252.000000 
9351.000000 9154.000000 
9352.000000 9150.000000 
9380.000000 9133.000000 

7890.000000 9974.000000 
7843.000000 9983.000000 
8092.000000 9967.000000 
8132.000000 9934.000000 
8214.000000 9925.000000 
8229.000000 9910.000000 
8246.000000 9906.000000 
8322.000000 9890.000000 
8296.000000 9905.000000 
8310.000000 9900.000000 
8440.000000 9856.000000 
8404.000000 9874.000000 
8450.000000 9850.000000 
8482.000000 9837.000000 
8491.000000 9817.000000 
8488.000000 9821.000000 
8453.000000 9838.000000 
8442.000000 9853.000000 
8601.000000 9762.000000 
8591.000000 9775.000000 
8636.000000 9755.000000 
8643.000000 9748.000000 
8670.000000 9746.000000 
8679.000000 9736.000000 
8709.000000 9699.000000 
8689.000000 9704.000000 
8682.000000 9715.000000 
8781.000000 9657.000000 
8819.000000 9640.000000 
8794.000000 9651.000000 
8778.000000 9660.000000 
8854.000000 9615.000000 
8812.000000 9641.000000 
8834.000000 9628.000000 
8843.000000 9624.000000 
8859.000000 9614.000000 
8877.000000 9599.000000 
8888.000000 9591.000000 
8864.000000 9602.000000 
8876.000000 9601.000000 
8860.000000 9612.000000 
8952.000000 9478.000000 
8927.000000 9522.000000 
8949.000000 9508.000000 
9149.000000 9318.000000 
9115.000000 9357.000000 
9139.000000 9340.000000 
9140.000000 9327.000000 
9180.000000 9288.000000 
9159.000000 9305.000000 
9207.000000 9284.000000 
9250.000000 9224.000000 
9244.000000 9258.000000 
9248.000000 9232.000000 
9237.000000 9264.000000 

7888.000000 10001.000000 
7923.000000 9989.000000 
8046.000000 9986.000000 
8083.000000 9981.000000 
8050.000000 9983.000000 
8090.000000 9956.000000 
8117.000000 9949.000000 
8178.000000 9934.000000 
8187.000000 9933.000000 
8161.000000 9940.000000 
8274.000000 9912.000000 
8225.000000 9924.000000 
8229.000000 9921.000000 
8293.000000 9905.000000 
8216.000000 9931.000000 
8342.000000 9898.000000 
8351.000000 9894.000000 
8352.000000 9892.000000 
8333.000000 9899.000000 
8448.000000 9854.000000 
8413.000000 9869.000000 
8531.000000 9812.000000 
8497.000000 9817.000000 
8513.000000 9814.000000 
8496.000000 9836.000000 
8511.000000 9815.000000 
8542.000000 9802.000000 
8583.000000 9776.000000 
8545.000000 9797.000000 
8552.000000 9790.000000 
8590.000000 9769.000000 
8626.000000 9763.000000 
8646.000000 9760.000000 
8653.000000 9752.000000 
8662.000000 9745.000000 
8711.000000 9715.000000 
8724.000000 9705.000000 
8714.000000 9710.000000 
8706.000000 9723.000000 
8764.000000 9690.000000 
8697.000000 9740.000000 
8804.000000 9660.000000 
8795.000000 9661.000000 
8793.000000 9667.000000 
8810.000000 9647.000000 
8786.000000 9675.000000 
8841.000000 9645.000000 
8853.000000 9630.000000 
8876.000000 9616.000000 
8878.000000 9585.000000 
8911.000000 9584.000000 
8972.000000 9503.000000 
8978.000000 9481.000000 
8946.000000 9518.000000 
8955.000000 9511.000000 
9015.000000 9466.000000 
9007.000000 9470.000000 
9038.000000 9460.000000 
9095.000000 9415.000000 
9086.000000 9426.000000 
9117.000000 9401.000000 
9183.000000 9307.000000 
9153.000000 9377.000000 
9160.000000 9369.000000 
