
7795.000000 9958.000000 
7755.000000 9962.000000 
7770.000000 9959.000000 
7747.000000 9967.000000 
7850.000000 9957.000000 
7931.000000 9955.000000 
7882.000000 9956.000000 
7974.000000 9951.000000 
8036.000000 9943.000000 
7999.000000 9948.000000 
8074.000000 9934.000000 
8085.000000 9931.000000 
8123.000000 9929.000000 
8154.000000 9917.000000 
8205.000000 9911.000000 
8318.000000 9897.000000 
8386.000000 9885.000000 
8297.000000 9900.000000 
8344.000000 9886.000000 
8424.000000 9864.000000 
8423.000000 9876.000000 
8477.000000 9852.000000 
8487.000000 9846.000000 
8594.000000 9790.000000 
8648.000000 9786.000000 
8650.000000 9777.000000 
8665.000000 9755.000000 
8661.000000 9764.000000 
8657.000000 9766.000000 
8671.000000 9745.000000 
8680.000000 9742.000000 
8669.000000 9749.000000 
8697.000000 9729.000000 
8709.000000 9710.000000 
8728.000000 9706.000000 
8755.000000 9682.000000 
8765.000000 9660.000000 
8745.000000 9690.000000 
8760.000000 9666.000000 
8886.000000 9570.000000 
8894.000000 9549.000000 
8933.000000 9534.000000 
9015.000000 9475.000000 
9033.000000 9464.000000 
9042.000000 9441.000000 
9060.000000 9424.000000 
9043.000000 9429.000000 
9145.000000 9386.000000 
9125.000000 9392.000000 
9107.000000 9408.000000 
9136.000000 9387.000000 
9094.000000 9415.000000 
9161.000000 9359.000000 
9172.000000 9354.000000 
9225.000000 9326.000000 
9208.000000 9335.000000 
9236.000000 9306.000000 
9229.000000 9317.000000 
9223.000000 9328.000000 
9226.000000 9324.000000 
9235.000000 9313.000000 
9228.000000 9321.000000 
9251.000000 9301.000000 
9256.000000 9295.000000 
9250.000000 9304.000000 
9291.000000 9278.000000 
9282.000000 9291.000000 
9301.000000 9265.000000 
9310.000000 9248.000000 
9326.000000 9236.000000 

7992.000000 9985.000000 
7993.000000 9981.000000 
8077.000000 9976.000000 
8053.000000 9980.000000 
8108.000000 9968.000000 
8233.000000 9939.000000 
8282.000000 9938.000000 
8416.000000 9876.000000 
8425.000000 9875.000000 
8426.000000 9870.000000 
8494.000000 9848.000000 
8435.000000 9869.000000 
8552.000000 9810.000000 
8728.000000 9697.000000 
8752.000000 9618.000000 
8754.000000 9582.000000 
8772.000000 9553.000000 
8765.000000 9568.000000 
8935.000000 9514.000000 
8914.000000 9516.000000 
9037.000000 9363.000000 
9036.000000 9381.000000 
9047.000000 9361.000000 
9027.000000 9415.000000 
9122.000000 9289.000000 
9093.000000 9336.000000 
9094.000000 9318.000000 
9119.000000 9312.000000 
9196.000000 9285.000000 
9227.000000 9232.000000 
9214.000000 9254.000000 
9223.000000 9245.000000 
9201.000000 9261.000000 
9251.000000 9203.000000 
9244.000000 9214.000000 
9268.000000 9184.000000 
9237.000000 9228.000000 
9253.000000 9201.000000 
9284.000000 9166.000000 
9250.000000 9206.000000 
9271.000000 9168.000000 
9292.000000 9164.000000 
9308.000000 9147.000000 

7931.000000 10002.000000 
7975.000000 9997.000000 
8010.000000 9986.000000 
8063.000000 9984.000000 
8132.000000 9968.000000 
8127.000000 9982.000000 
8134.000000 9962.000000 
8279.000000 9898.000000 
8303.000000 9895.000000 
8682.000000 9666.000000 
8641.000000 9681.000000 
8632.000000 9688.000000 
8782.000000 9623.000000 
8776.000000 9645.000000 
8799.000000 9621.000000 
8849.000000 9591.000000 
8848.000000 9610.000000 
8907.000000 9589.000000 
8926.000000 9576.000000 
8958.000000 9548.000000 
8957.000000 9552.000000 
8948.000000 9561.000000 
8947.000000 9563.000000 
8967.000000 9547.000000 
8599.000000 9734.000000 
8543.000000 9765.000000 
8528.000000 9783.000000 
8987.000000 9500.000000 
8985.000000 9541.000000 
9028.000000 9479.000000 
9031.000000 9474.000000 
9024.000000 9492.000000 
9054.000000 9466.000000 
9060.000000 9457.000000 
9037.000000 9470.000000 
9078.000000 9438.000000 
9086.000000 9432.000000 
9080.000000 9434.000000 
9126.000000 9413.000000 
9159.000000 9370.000000 
9136.000000 9386.000000 
9119.000000 9421.000000 
9137.000000 9375.000000 
9167.000000 9349.000000 
9146.000000 9374.000000 
9164.000000 9355.000000 
9217.000000 9330.000000 
9219.000000 9323.000000 
9200.000000 9334.000000 
9228.000000 9322.000000 
9231.000000 9309.000000 
9230.000000 9319.000000 
9261.000000 9258.000000 
9249.000000 9286.000000 
9248.000000 9300.000000 
9254.000000 9274.000000 
9291.000000 9253.000000 
9297.000000 9223.000000 
9316.000000 9195.000000 
9329.000000 9159.000000 
9317.000000 9178.000000 
9307.000000 9217.000000 
9322.000000 9170.000000 

7964.000000 9948.000000 
7956.000000 9949.000000 
7914.000000 9953.000000 
8120.000000 9940.000000 
8197.000000 9937.000000 
8440.000000 9851.000000 
8343.000000 9897.000000 
8274.000000 9924.000000 
8450.000000 9838.000000 
8415.000000 9853.000000 
8411.000000 9875.000000 
8565.000000 9776.000000 
8585.000000 9747.000000 
8577.000000 9756.000000 
8541.000000 9803.000000 
8603.000000 9745.000000 
8547.000000 9787.000000 
8765.000000 9636.000000 
8708.000000 9683.000000 
8737.000000 9654.000000 
8744.000000 9640.000000 
8731.000000 9665.000000 
8924.000000 9519.000000 
8921.000000 9522.000000 
8980.000000 9496.000000 
8960.000000 9509.000000 
8963.000000 9497.000000 
9042.000000 9442.000000 
9048.000000 9435.000000 
9036.000000 9460.000000 
9108.000000 9417.000000 
9069.000000 9429.000000 
9071.000000 9418.000000 
9121.000000 9384.000000 
9118.000000 9394.000000 
9140.000000 9381.000000 
9112.000000 9412.000000 
9156.000000 9376.000000 
9126.000000 9382.000000 
9167.000000 9352.000000 
9181.000000 9333.000000 
9171.000000 9334.000000 
9163.000000 9355.000000 
9207.000000 9316.000000 
9196.000000 9327.000000 
9223.000000 9298.000000 
9257.000000 9279.000000 
9266.000000 9271.000000 
9250.000000 9297.000000 
9255.000000 9283.000000 
9263.000000 9274.000000 
9275.000000 9264.000000 

7975.000000 9992.000000 
8026.000000 9975.000000 
8011.000000 9987.000000 
8082.000000 9973.000000 
8091.000000 9969.000000 
8186.000000 9930.000000 
8274.000000 9911.000000 
8293.000000 9902.000000 
8261.000000 9923.000000 
8355.000000 9882.000000 
8333.000000 9897.000000 
8383.000000 9865.000000 
8447.000000 9863.000000 
8479.000000 9823.000000 
8460.000000 9841.000000 
8601.000000 9749.000000 
8599.000000 9751.000000 
8697.000000 9679.000000 
8702.000000 9655.000000 
8682.000000 9685.000000 
8767.000000 9623.000000 
8741.000000 9651.000000 
8852.000000 9571.000000 
8843.000000 9572.000000 
8858.000000 9568.000000 
8921.000000 9483.000000 
8879.000000 9541.000000 
8903.000000 9533.000000 
8882.000000 9540.000000 
8919.000000 9515.000000 
8889.000000 9537.000000 
8993.000000 9481.000000 
9031.000000 9431.000000 
9008.000000 9462.000000 
9128.000000 9349.000000 
9123.000000 9373.000000 
9113.000000 9386.000000 
9139.000000 9343.000000 
9176.000000 9313.000000 
9155.000000 9341.000000 
9159.000000 9336.000000 
9171.000000 9318.000000 
9168.000000 9319.000000 
9163.000000 9326.000000 
9204.000000 9295.000000 
9177.000000 9302.000000 
9179.000000 9299.000000 
9283.000000 9212.000000 
9244.000000 9248.000000 
9288.000000 9210.000000 
9276.000000 9217.000000 
9275.000000 9236.000000 
9317.000000 9158.000000 
9350.000000 9148.000000 
9314.000000 9198.000000 
9384.000000 9117.000000 
9386.000000 9096.000000 
9421.000000 9094.000000 
9424.000000 9083.000000 

7715.000000 9974.000000 
7655.000000 9986.000000 
7817.000000 9972.000000 
7857.000000 9970.000000 
8018.000000 9940.000000 
8211.000000 9903.000000 
8176.000000 9912.000000 
8173.000000 9924.000000 
8243.000000 9885.000000 
8242.000000 9898.000000 
8285.000000 9881.000000 
8359.000000 9848.000000 
8347.000000 9857.000000 
8286.000000 9868.000000 
8452.000000 9804.000000 
8500.000000 9794.000000 
8511.000000 9791.000000 
8338.000000 9867.000000 
8548.000000 9759.000000 
8657.000000 9729.000000 
8636.000000 9742.000000 
8647.000000 9735.000000 
8681.000000 9684.000000 
8714.000000 9683.000000 
8826.000000 9616.000000 
8790.000000 9617.000000 
8773.000000 9619.000000 
8767.000000 9622.000000 
8772.000000 9621.000000 
8876.000000 9562.000000 
8891.000000 9551.000000 
8873.000000 9574.000000 
8872.000000 9577.000000 
8887.000000 9558.000000 
8954.000000 9542.000000 
8987.000000 9492.000000 
8974.000000 9514.000000 
9013.000000 9488.000000 
9023.000000 9482.000000 
9036.000000 9460.000000 
9034.000000 9467.000000 
9024.000000 9473.000000 
9088.000000 9440.000000 
9126.000000 9422.000000 
9144.000000 9409.000000 
9135.000000 9411.000000 
9158.000000 9363.000000 
9151.000000 9367.000000 
9181.000000 9328.000000 
9174.000000 9359.000000 
9194.000000 9323.000000 
9216.000000 9300.000000 
9230.000000 9299.000000 
9238.000000 9284.000000 
9246.000000 9280.000000 
9271.000000 9271.000000 
9291.000000 9259.000000 
9295.000000 9224.000000 
9325.000000 9219.000000 

8032.000000 9940.000000 
8009.000000 9944.000000 
7985.000000 9955.000000 
8081.000000 9936.000000 
8107.000000 9932.000000 
8087.000000 9933.000000 
8137.000000 9931.000000 
8140.000000 9919.000000 
8175.000000 9910.000000 
8160.000000 9913.000000 
8560.000000 9705.000000 
8545.000000 9718.000000 
8667.000000 9666.000000 
8685.000000 9662.000000 
8711.000000 9649.000000 
8805.000000 9621.000000 
8786.000000 9622.000000 
8782.000000 9645.000000 
8865.000000 9611.000000 
8849.000000 9615.000000 
8880.000000 9598.000000 
8871.000000 9599.000000 
8890.000000 9592.000000 
8934.000000 9553.000000 
8941.000000 9552.000000 
8976.000000 9538.000000 
8975.000000 9549.000000 
8980.000000 9528.000000 
8978.000000 9530.000000 
9064.000000 9437.000000 
9093.000000 9414.000000 
9073.000000 9434.000000 
9075.000000 9418.000000 
9127.000000 9375.000000 
9095.000000 9390.000000 
9170.000000 9342.000000 
9187.000000 9338.000000 
9189.000000 9314.000000 
9213.000000 9304.000000 
9230.000000 9297.000000 
9237.000000 9289.000000 
9249.000000 9269.000000 

7755.000000 9996.000000 
7856.000000 9988.000000 
7844.000000 9992.000000 
7969.000000 9974.000000 
8004.000000 9969.000000 
7960.000000 9981.000000 
8147.000000 9918.000000 
8157.000000 9914.000000 
8263.000000 9905.000000 
8342.000000 9892.000000 
8256.000000 9912.000000 
8371.000000 9884.000000 
8402.000000 9867.000000 
8466.000000 9851.000000 
8496.000000 9832.000000 
8524.000000 9821.000000 
8491.000000 9834.000000 
8532.000000 9814.000000 
8519.000000 9828.000000 
8709.000000 9729.000000 
8747.000000 9708.000000 
8767.000000 9690.000000 
8739.000000 9710.000000 
8749.000000 9705.000000 
8750.000000 9703.000000 
8823.000000 9646.000000 
8815.000000 9653.000000 
8800.000000 9669.000000 
8913.000000 9594.000000 
8901.000000 9600.000000 
8941.000000 9569.000000 
8942.000000 9554.000000 
9086.000000 9471.000000 
9115.000000 9444.000000 
9134.000000 9433.000000 
9148.000000 9401.000000 
9144.000000 9420.000000 
9228.000000 9315.000000 
9224.000000 9321.000000 
9215.000000 9322.000000 
9238.000000 9298.000000 
9198.000000 9368.000000 
9201.000000 9361.000000 
9257.000000 9288.000000 
9279.000000 9282.000000 
9295.000000 9258.000000 
9302.000000 9244.000000 
9310.000000 9227.000000 
9309.000000 9238.000000 
9316.000000 9220.000000 
9333.000000 9216.000000 

7926.000000 9970.000000 
7863.000000 10007.000000 
7773.000000 10015.000000 
7879.000000 10005.000000 
7895.000000 10003.000000 
7839.000000 10014.000000 
8067.000000 9950.000000 
8072.000000 9929.000000 
8135.000000 9928.000000 
8161.000000 9917.000000 
8177.000000 9908.000000 
8201.000000 9902.000000 
8425.000000 9838.000000 
8481.000000 9819.000000 
8472.000000 9826.000000 
8513.000000 9811.000000 
8523.000000 9798.000000 
8619.000000 9774.000000 
8624.000000 9753.000000 
8644.000000 9746.000000 
8696.000000 9733.000000 
8719.000000 9698.000000 
8729.000000 9685.000000 
8777.000000 9648.000000 
8772.000000 9682.000000 
8905.000000 9591.000000 
8895.000000 9604.000000 
8697.000000 9722.000000 
8944.000000 9568.000000 
8984.000000 9523.000000 
9080.000000 9444.000000 
9098.000000 9397.000000 
9130.000000 9382.000000 
9089.000000 9403.000000 
9067.000000 9468.000000 
9216.000000 9294.000000 
9227.000000 9291.000000 
9230.000000 9268.000000 
9228.000000 9269.000000 
9233.000000 9263.000000 
9248.000000 9256.000000 
9243.000000 9262.000000 
9250.000000 9250.000000 
9244.000000 9257.000000 
9266.000000 9248.000000 

7872.000000 9971.000000 
7953.000000 9963.000000 
7921.000000 9966.000000 
8104.000000 9945.000000 
8031.000000 9961.000000 
8071.000000 9950.000000 
8115.000000 9934.000000 
8110.000000 9935.000000 
8159.000000 9932.000000 
8249.000000 9927.000000 
8257.000000 9920.000000 
8309.000000 9906.000000 
8263.000000 9909.000000 
8439.000000 9857.000000 
8405.000000 9864.000000 
8397.000000 9872.000000 
8386.000000 9877.000000 
8505.000000 9823.000000 
8522.000000 9818.000000 
8502.000000 9835.000000 
8558.000000 9815.000000 
8569.000000 9812.000000 
8536.000000 9816.000000 
8627.000000 9790.000000 
8589.000000 9807.000000 
8616.000000 9793.000000 
8645.000000 9771.000000 
8667.000000 9752.000000 
8634.000000 9774.000000 
8665.000000 9757.000000 
8708.000000 9738.000000 
8715.000000 9720.000000 
8726.000000 9719.000000 
8848.000000 9609.000000 
8879.000000 9586.000000 
8895.000000 9585.000000 
8910.000000 9565.000000 
8903.000000 9571.000000 
8912.000000 9562.000000 
8958.000000 9547.000000 
8960.000000 9525.000000 
9010.000000 9524.000000 
9021.000000 9509.000000 
9050.000000 9486.000000 
9033.000000 9500.000000 
9072.000000 9458.000000 
9073.000000 9438.000000 
9054.000000 9461.000000 
9081.000000 9433.000000 
9065.000000 9460.000000 
9100.000000 9422.000000 
9102.000000 9420.000000 
9084.000000 9431.000000 
9121.000000 9414.000000 
9111.000000 9418.000000 
9129.000000 9399.000000 
9143.000000 9383.000000 
9134.000000 9392.000000 
9159.000000 9364.000000 
9211.000000 9323.000000 
9209.000000 9345.000000 
9239.000000 9304.000000 
9227.000000 9306.000000 
9218.000000 9317.000000 
9246.000000 9296.000000 
9249.000000 9274.000000 
9267.000000 9270.000000 
9271.000000 9251.000000 
9277.000000 9248.000000 
9295.000000 9239.000000 
9275.000000 9250.000000 
