
7800.000000 9965.000000 
8087.000000 9947.000000 
8057.000000 9948.000000 
8284.000000 9885.000000 
8315.000000 9874.000000 
8245.000000 9909.000000 
8279.000000 9892.000000 
8240.000000 9915.000000 
8382.000000 9854.000000 
8392.000000 9845.000000 
8449.000000 9838.000000 
8539.000000 9821.000000 
8529.000000 9827.000000 
8596.000000 9785.000000 
8586.000000 9791.000000 
8617.000000 9782.000000 
8627.000000 9776.000000 
8648.000000 9765.000000 
8658.000000 9759.000000 
8691.000000 9729.000000 
8675.000000 9738.000000 
8725.000000 9709.000000 
8723.000000 9725.000000 
8772.000000 9689.000000 
8742.000000 9694.000000 
8741.000000 9706.000000 
8732.000000 9707.000000 
8756.000000 9692.000000 
8763.000000 9690.000000 
8804.000000 9682.000000 
8852.000000 9633.000000 
8892.000000 9595.000000 
8882.000000 9623.000000 
8880.000000 9624.000000 
8894.000000 9593.000000 
8971.000000 9514.000000 
8970.000000 9529.000000 
9008.000000 9488.000000 
8984.000000 9501.000000 
8997.000000 9489.000000 
9028.000000 9471.000000 
9092.000000 9433.000000 
9037.000000 9463.000000 
9038.000000 9459.000000 
9146.000000 9365.000000 
9133.000000 9389.000000 
9228.000000 9292.000000 
9220.000000 9321.000000 
9238.000000 9269.000000 
9234.000000 9276.000000 
9265.000000 9240.000000 
9304.000000 9201.000000 
9351.000000 9172.000000 
9306.000000 9197.000000 
9319.000000 9196.000000 
9296.000000 9220.000000 
9335.000000 9181.000000 
9303.000000 9215.000000 
9349.000000 9174.000000 
9372.000000 9150.000000 
9359.000000 9151.000000 

7843.000000 9994.000000 
7945.000000 9989.000000 
8056.000000 9978.000000 
8063.000000 9976.000000 
8084.000000 9974.000000 
8159.000000 9960.000000 
8188.000000 9958.000000 
8447.000000 9811.000000 
8426.000000 9854.000000 
8432.000000 9838.000000 
8594.000000 9746.000000 
8569.000000 9771.000000 
8630.000000 9745.000000 
8632.000000 9740.000000 
8687.000000 9733.000000 
8718.000000 9700.000000 
8723.000000 9695.000000 
8735.000000 9690.000000 
8703.000000 9713.000000 
8757.000000 9687.000000 
8762.000000 9683.000000 
8802.000000 9669.000000 
8792.000000 9675.000000 
8831.000000 9660.000000 
8841.000000 9658.000000 
8846.000000 9654.000000 
8860.000000 9650.000000 
8859.000000 9652.000000 
8879.000000 9637.000000 
8870.000000 9646.000000 
8902.000000 9623.000000 
8888.000000 9627.000000 
8950.000000 9568.000000 
8920.000000 9608.000000 
8946.000000 9574.000000 
8937.000000 9592.000000 
8990.000000 9529.000000 
9000.000000 9516.000000 
9054.000000 9488.000000 
9075.000000 9469.000000 
9081.000000 9454.000000 
9113.000000 9418.000000 
9097.000000 9445.000000 
9098.000000 9437.000000 
9178.000000 9340.000000 
9196.000000 9329.000000 
9249.000000 9295.000000 
9250.000000 9287.000000 
9220.000000 9314.000000 
9247.000000 9297.000000 
9241.000000 9298.000000 
9263.000000 9282.000000 
9277.000000 9280.000000 
9278.000000 9271.000000 

8253.000000 9872.000000 
8096.000000 9941.000000 
8059.000000 9956.000000 
8161.000000 9936.000000 
8267.000000 9868.000000 
8278.000000 9865.000000 
8292.000000 9860.000000 
8248.000000 9893.000000 
8336.000000 9856.000000 
8385.000000 9836.000000 
8378.000000 9844.000000 
8451.000000 9810.000000 
8465.000000 9806.000000 
8526.000000 9799.000000 
8580.000000 9788.000000 
8543.000000 9797.000000 
8582.000000 9785.000000 
8589.000000 9761.000000 
8658.000000 9729.000000 
8642.000000 9734.000000 
8620.000000 9750.000000 
8632.000000 9740.000000 
8689.000000 9706.000000 
8708.000000 9675.000000 
8690.000000 9696.000000 
8790.000000 9635.000000 
8789.000000 9637.000000 
8779.000000 9643.000000 
8802.000000 9619.000000 
8879.000000 9602.000000 
8853.000000 9610.000000 
8877.000000 9609.000000 
8951.000000 9568.000000 
8921.000000 9596.000000 
8926.000000 9585.000000 
8934.000000 9574.000000 
8954.000000 9556.000000 
8961.000000 9522.000000 
8978.000000 9515.000000 
9006.000000 9489.000000 
9003.000000 9507.000000 
9016.000000 9485.000000 
9049.000000 9460.000000 
9059.000000 9454.000000 
9078.000000 9437.000000 
9080.000000 9430.000000 
9077.000000 9450.000000 
9128.000000 9424.000000 
9127.000000 9428.000000 
9137.000000 9421.000000 
9079.000000 9434.000000 

7484.000000 10062.000000 
7550.000000 10046.000000 
7362.000000 10068.000000 
7541.000000 10049.000000 
7329.000000 10071.000000 
7383.000000 10066.000000 
7507.000000 10059.000000 
7701.000000 10027.000000 
7697.000000 10037.000000 
7653.000000 10039.000000 
7855.000000 10017.000000 
7888.000000 9996.000000 
7859.000000 9999.000000 
8045.000000 9978.000000 
7947.000000 9993.000000 
8001.000000 9991.000000 
8082.000000 9973.000000 
8146.000000 9967.000000 
8322.000000 9906.000000 
8289.000000 9915.000000 
8388.000000 9880.000000 
8523.000000 9822.000000 
8516.000000 9842.000000 
8564.000000 9801.000000 
8584.000000 9798.000000 
8552.000000 9817.000000 
8447.000000 9859.000000 
8438.000000 9875.000000 
8525.000000 9818.000000 
8620.000000 9776.000000 
8587.000000 9791.000000 
8598.000000 9779.000000 
8639.000000 9759.000000 
8621.000000 9760.000000 
8721.000000 9728.000000 
8740.000000 9722.000000 
8786.000000 9657.000000 
8776.000000 9677.000000 
8747.000000 9683.000000 
8750.000000 9679.000000 
8813.000000 9647.000000 
8824.000000 9636.000000 
8864.000000 9579.000000 
8850.000000 9590.000000 
8866.000000 9570.000000 
8837.000000 9611.000000 
8907.000000 9566.000000 
8918.000000 9563.000000 
8967.000000 9515.000000 
8925.000000 9551.000000 
8966.000000 9532.000000 
8979.000000 9478.000000 
8973.000000 9497.000000 
8958.000000 9539.000000 
9062.000000 9394.000000 
9071.000000 9380.000000 
9061.000000 9407.000000 
9043.000000 9416.000000 
9220.000000 9245.000000 
9174.000000 9302.000000 
9143.000000 9319.000000 
9207.000000 9255.000000 
9193.000000 9278.000000 
9206.000000 9270.000000 
9221.000000 9240.000000 
9231.000000 9227.000000 

7981.000000 9930.000000 
8030.000000 9918.000000 

7854.000000 9993.000000 
7861.000000 9990.000000 
7944.000000 9979.000000 
7908.000000 9980.000000 
7898.000000 9986.000000 
7905.000000 9983.000000 
7992.000000 9975.000000 
8016.000000 9974.000000 
8102.000000 9972.000000 
8212.000000 9947.000000 
8187.000000 9964.000000 
8244.000000 9924.000000 
8303.000000 9893.000000 
8256.000000 9914.000000 
8292.000000 9897.000000 
8291.000000 9910.000000 
8388.000000 9850.000000 
8550.000000 9808.000000 
8558.000000 9803.000000 
8520.000000 9817.000000 
8583.000000 9786.000000 
8612.000000 9763.000000 
8587.000000 9780.000000 
