
7800.000000 9985.000000 
7795.000000 9990.000000 
7728.000000 10000.000000 
7999.000000 9925.000000 
7996.000000 9942.000000 
7965.000000 9944.000000 
8107.000000 9913.000000 
8116.000000 9906.000000 
8125.000000 9904.000000 
8128.000000 9903.000000 
8231.000000 9887.000000 
8218.000000 9896.000000 
8241.000000 9881.000000 
8305.000000 9879.000000 
8319.000000 9860.000000 
8357.000000 9847.000000 
8367.000000 9842.000000 
8454.000000 9813.000000 
8414.000000 9826.000000 
8450.000000 9820.000000 
8491.000000 9808.000000 
8520.000000 9775.000000 
8507.000000 9798.000000 
8514.000000 9782.000000 
8610.000000 9753.000000 
8641.000000 9750.000000 
8650.000000 9742.000000 
8685.000000 9708.000000 
8684.000000 9713.000000 
8710.000000 9704.000000 
8683.000000 9738.000000 
8818.000000 9634.000000 
8784.000000 9652.000000 
8788.000000 9645.000000 
8792.000000 9640.000000 
8881.000000 9610.000000 
8872.000000 9618.000000 
8891.000000 9603.000000 
8938.000000 9565.000000 
8941.000000 9553.000000 
8930.000000 9579.000000 
9002.000000 9513.000000 
8977.000000 9529.000000 
9013.000000 9508.000000 
8976.000000 9534.000000 
8973.000000 9546.000000 
8998.000000 9526.000000 
9054.000000 9499.000000 
9073.000000 9459.000000 
9071.000000 9477.000000 
9088.000000 9447.000000 
9081.000000 9458.000000 

7930.000000 9992.000000 
7944.000000 9988.000000 

7986.000000 9983.000000 
7973.000000 9987.000000 
7873.000000 10011.000000 
7785.000000 10027.000000 
7744.000000 10032.000000 

7701.000000 10027.000000 
7863.000000 10012.000000 
7849.000000 10018.000000 
7878.000000 10002.000000 
7841.000000 10025.000000 
7911.000000 10000.000000 
7965.000000 9982.000000 
7921.000000 9994.000000 
8061.000000 9981.000000 
8242.000000 9910.000000 
8331.000000 9887.000000 
8369.000000 9879.000000 
8461.000000 9831.000000 
8453.000000 9839.000000 
8425.000000 9851.000000 
8418.000000 9858.000000 
8407.000000 9862.000000 
8482.000000 9819.000000 
8444.000000 9840.000000 
8465.000000 9823.000000 
8488.000000 9814.000000 
8479.000000 9820.000000 
8531.000000 9795.000000 
8587.000000 9786.000000 
8595.000000 9775.000000 
8599.000000 9774.000000 
8577.000000 9794.000000 
8592.000000 9778.000000 
8605.000000 9769.000000 
8611.000000 9752.000000 
8664.000000 9748.000000 
8685.000000 9731.000000 
8675.000000 9737.000000 
8841.000000 9615.000000 
8866.000000 9607.000000 
8838.000000 9618.000000 
8890.000000 9578.000000 
8939.000000 9558.000000 
8928.000000 9574.000000 
8948.000000 9534.000000 
8938.000000 9563.000000 
8942.000000 9535.000000 
8958.000000 9526.000000 
9032.000000 9468.000000 
9028.000000 9478.000000 
9011.000000 9492.000000 
9050.000000 9461.000000 
9022.000000 9482.000000 
9087.000000 9427.000000 
9064.000000 9455.000000 
9085.000000 9447.000000 
9126.000000 9404.000000 
9129.000000 9381.000000 
9163.000000 9355.000000 
9138.000000 9369.000000 
9167.000000 9319.000000 

7814.000000 10010.000000 
7731.000000 10012.000000 
7871.000000 9994.000000 
7937.000000 9993.000000 
7981.000000 9981.000000 
8017.000000 9979.000000 
7980.000000 9985.000000 
8311.000000 9783.000000 
8290.000000 9814.000000 
8628.000000 9643.000000 
8546.000000 9675.000000 
8544.000000 9677.000000 
8841.000000 9457.000000 
8818.000000 9465.000000 
8778.000000 9508.000000 
8793.000000 9498.000000 
8942.000000 9388.000000 
8933.000000 9409.000000 
8921.000000 9414.000000 
8912.000000 9425.000000 
9062.000000 9315.000000 
9081.000000 9298.000000 
9225.000000 9209.000000 
9224.000000 9241.000000 
9289.000000 9177.000000 
9280.000000 9196.000000 
9320.000000 9168.000000 
9327.000000 9142.000000 
9345.000000 9139.000000 
9350.000000 9124.000000 
9321.000000 9147.000000 

7972.000000 9995.000000 
7996.000000 9980.000000 
8040.000000 9973.000000 
7909.000000 10004.000000 
