
8012.000000 9964.000000 
8013.000000 9948.000000 
8080.000000 9942.000000 
8121.000000 9926.000000 
8208.000000 9897.000000 
8194.000000 9919.000000 
8344.000000 9883.000000 
8355.000000 9856.000000 
8423.000000 9838.000000 
8351.000000 9881.000000 
8522.000000 9827.000000 
8539.000000 9805.000000 
8570.000000 9793.000000 
8631.000000 9760.000000 
8602.000000 9783.000000 
8604.000000 9781.000000 
8691.000000 9723.000000 
8681.000000 9729.000000 
8713.000000 9712.000000 
8766.000000 9686.000000 
8733.000000 9710.000000 
8822.000000 9642.000000 
8813.000000 9643.000000 
8812.000000 9678.000000 
8846.000000 9636.000000 
8860.000000 9632.000000 
8884.000000 9623.000000 
8894.000000 9605.000000 
8915.000000 9591.000000 
8895.000000 9598.000000 
8919.000000 9577.000000 
8966.000000 9553.000000 
8977.000000 9528.000000 
8951.000000 9564.000000 
8950.000000 9573.000000 
8988.000000 9505.000000 
8960.000000 9554.000000 
8995.000000 9504.000000 
9004.000000 9487.000000 
9006.000000 9485.000000 
9088.000000 9386.000000 
9075.000000 9420.000000 
9085.000000 9401.000000 
9133.000000 9377.000000 
9192.000000 9330.000000 
9137.000000 9342.000000 
9212.000000 9320.000000 
9245.000000 9303.000000 
9239.000000 9317.000000 
9271.000000 9282.000000 
9252.000000 9286.000000 
9291.000000 9248.000000 
9308.000000 9239.000000 
9313.000000 9228.000000 
9332.000000 9221.000000 

7938.000000 10003.000000 
7979.000000 9995.000000 
8017.000000 9987.000000 
8071.000000 9985.000000 
8110.000000 9974.000000 
8075.000000 9980.000000 
8135.000000 9953.000000 
8115.000000 9958.000000 
8176.000000 9930.000000 
8347.000000 9875.000000 
8378.000000 9849.000000 
8396.000000 9834.000000 
8416.000000 9828.000000 
8492.000000 9774.000000 
8590.000000 9769.000000 
8594.000000 9729.000000 
8655.000000 9719.000000 
8648.000000 9727.000000 
8665.000000 9713.000000 
8651.000000 9724.000000 
8715.000000 9708.000000 
8741.000000 9687.000000 
8796.000000 9662.000000 
8779.000000 9666.000000 
8759.000000 9673.000000 
8758.000000 9683.000000 
8797.000000 9654.000000 
8801.000000 9644.000000 
8832.000000 9631.000000 
8843.000000 9616.000000 
8862.000000 9608.000000 
8891.000000 9588.000000 
8925.000000 9478.000000 
8920.000000 9496.000000 
8923.000000 9483.000000 
8910.000000 9502.000000 
9021.000000 9393.000000 
9012.000000 9421.000000 
9068.000000 9388.000000 
9125.000000 9316.000000 
9177.000000 9268.000000 
9147.000000 9302.000000 
9108.000000 9360.000000 
9212.000000 9237.000000 
9222.000000 9232.000000 
9261.000000 9221.000000 
9288.000000 9166.000000 
9287.000000 9175.000000 
9311.000000 9142.000000 
9285.000000 9182.000000 
9290.000000 9146.000000 

7974.000000 9999.000000 
8097.000000 9990.000000 
8039.000000 9993.000000 
8209.000000 9933.000000 
8220.000000 9931.000000 
8228.000000 9888.000000 
8445.000000 9842.000000 
8432.000000 9848.000000 
8476.000000 9809.000000 
8466.000000 9836.000000 
8514.000000 9802.000000 
8522.000000 9797.000000 
8484.000000 9806.000000 
8560.000000 9769.000000 
8621.000000 9743.000000 
8583.000000 9764.000000 
8607.000000 9747.000000 
8634.000000 9721.000000 
8678.000000 9689.000000 
8672.000000 9696.000000 
8632.000000 9732.000000 
8649.000000 9703.000000 
8736.000000 9647.000000 
8760.000000 9641.000000 
8808.000000 9617.000000 
8803.000000 9624.000000 
8797.000000 9634.000000 
8802.000000 9625.000000 
8835.000000 9613.000000 
8880.000000 9585.000000 
8848.000000 9589.000000 
8842.000000 9606.000000 
8913.000000 9537.000000 
8956.000000 9491.000000 
8924.000000 9522.000000 
8939.000000 9521.000000 
8950.000000 9509.000000 
8982.000000 9486.000000 
8996.000000 9466.000000 
9016.000000 9450.000000 
9001.000000 9454.000000 
9044.000000 9447.000000 
9049.000000 9426.000000 
9082.000000 9411.000000 
9113.000000 9399.000000 
9080.000000 9414.000000 
9087.000000 9405.000000 
9135.000000 9385.000000 
9161.000000 9362.000000 
9172.000000 9323.000000 
9144.000000 9374.000000 
9186.000000 9300.000000 
9169.000000 9328.000000 
9167.000000 9331.000000 

7546.000000 10012.000000 
7495.000000 10020.000000 
7791.000000 10004.000000 
7667.000000 10011.000000 
7912.000000 9977.000000 
7894.000000 9978.000000 
7893.000000 9986.000000 
8003.000000 9976.000000 
8035.000000 9973.000000 
8082.000000 9957.000000 
8068.000000 9968.000000 
8185.000000 9931.000000 
8166.000000 9952.000000 
8224.000000 9915.000000 
8223.000000 9921.000000 
8233.000000 9914.000000 
8294.000000 9908.000000 
8280.000000 9909.000000 
8303.000000 9898.000000 
8373.000000 9880.000000 
8326.000000 9885.000000 
8392.000000 9859.000000 
8442.000000 9853.000000 
8465.000000 9842.000000 
8496.000000 9831.000000 
8536.000000 9805.000000 
8602.000000 9789.000000 
8534.000000 9812.000000 
8546.000000 9799.000000 
8524.000000 9814.000000 
8731.000000 9727.000000 
8713.000000 9746.000000 
8736.000000 9722.000000 
8739.000000 9693.000000 
8769.000000 9686.000000 
8779.000000 9685.000000 

7910.000000 9991.000000 
7908.000000 10001.000000 
7782.000000 10002.000000 
7941.000000 9990.000000 
8015.000000 9984.000000 
8010.000000 9986.000000 
7976.000000 9988.000000 
8037.000000 9983.000000 
8079.000000 9974.000000 
8042.000000 9979.000000 
8093.000000 9972.000000 
8131.000000 9951.000000 
8161.000000 9950.000000 
8119.000000 9960.000000 
8224.000000 9942.000000 
8286.000000 9924.000000 
8316.000000 9923.000000 
8354.000000 9902.000000 
8270.000000 9926.000000 
8317.000000 9912.000000 
8364.000000 9896.000000 
8369.000000 9888.000000 
8479.000000 9830.000000 
8489.000000 9827.000000 
8474.000000 9837.000000 
8538.000000 9809.000000 
8552.000000 9776.000000 
8544.000000 9791.000000 
8570.000000 9771.000000 
8548.000000 9785.000000 
8595.000000 9761.000000 
8565.000000 9775.000000 
8588.000000 9767.000000 
8704.000000 9700.000000 
8682.000000 9719.000000 
8645.000000 9759.000000 
8672.000000 9725.000000 
8781.000000 9651.000000 
8771.000000 9655.000000 
8757.000000 9675.000000 
8801.000000 9648.000000 
8788.000000 9650.000000 
8834.000000 9629.000000 
8820.000000 9630.000000 
8844.000000 9620.000000 
8814.000000 9638.000000 
8864.000000 9603.000000 
8895.000000 9591.000000 
8897.000000 9563.000000 
8939.000000 9561.000000 
8944.000000 9540.000000 
8967.000000 9535.000000 
8980.000000 9530.000000 
8968.000000 9533.000000 
8949.000000 9539.000000 
8999.000000 9521.000000 
9042.000000 9494.000000 
9031.000000 9498.000000 
9052.000000 9481.000000 
9069.000000 9480.000000 
9118.000000 9443.000000 
9107.000000 9458.000000 
9110.000000 9455.000000 
9137.000000 9400.000000 
9127.000000 9414.000000 
9142.000000 9398.000000 
9182.000000 9376.000000 
9162.000000 9389.000000 
9205.000000 9333.000000 
9195.000000 9345.000000 
9220.000000 9328.000000 
9222.000000 9303.000000 
9239.000000 9294.000000 
9272.000000 9266.000000 
9301.000000 9185.000000 
9294.000000 9233.000000 

7894.000000 9995.000000 
7887.000000 9998.000000 
7869.000000 10005.000000 
7961.000000 9994.000000 
8032.000000 9980.000000 
8017.000000 9990.000000 
8005.000000 9991.000000 
8080.000000 9968.000000 
8152.000000 9945.000000 
8189.000000 9910.000000 
8215.000000 9908.000000 
8260.000000 9884.000000 
8286.000000 9879.000000 
8248.000000 9906.000000 
8280.000000 9880.000000 
8349.000000 9874.000000 
8375.000000 9868.000000 
8387.000000 9850.000000 
8428.000000 9844.000000 
8385.000000 9862.000000 
8457.000000 9834.000000 
8442.000000 9843.000000 
8482.000000 9825.000000 
8501.000000 9822.000000 
8572.000000 9792.000000 
8559.000000 9794.000000 
8581.000000 9777.000000 
8631.000000 9771.000000 
8659.000000 9767.000000 
8728.000000 9718.000000 
8703.000000 9737.000000 
8812.000000 9678.000000 
8778.000000 9705.000000 
8840.000000 9639.000000 
8820.000000 9649.000000 
8829.000000 9642.000000 
8816.000000 9666.000000 
8854.000000 9633.000000 
8922.000000 9605.000000 
8884.000000 9626.000000 
8934.000000 9589.000000 
8927.000000 9603.000000 
8931.000000 9591.000000 
8942.000000 9577.000000 
8953.000000 9555.000000 
8998.000000 9518.000000 
9169.000000 9360.000000 
9175.000000 9346.000000 
9196.000000 9331.000000 
9176.000000 9339.000000 
9230.000000 9304.000000 
9226.000000 9312.000000 
9235.000000 9301.000000 
