
7486.000000 10048.000000 
7540.000000 10030.000000 
7767.000000 10023.000000 
7687.000000 10028.000000 
7675.000000 10029.000000 
7732.000000 10025.000000 
7775.000000 10021.000000 
7804.000000 10007.000000 
7821.000000 10005.000000 
7976.000000 9999.000000 
8055.000000 9985.000000 
8059.000000 9978.000000 
8072.000000 9964.000000 
8087.000000 9962.000000 
8071.000000 9975.000000 
8155.000000 9950.000000 
8113.000000 9960.000000 
8145.000000 9956.000000 
8206.000000 9945.000000 
8258.000000 9920.000000 
8238.000000 9928.000000 
8244.000000 9924.000000 
8267.000000 9919.000000 
8350.000000 9877.000000 
8360.000000 9871.000000 
8315.000000 9892.000000 
8340.000000 9884.000000 
8422.000000 9833.000000 
8420.000000 9834.000000 
8407.000000 9854.000000 
8511.000000 9788.000000 
8488.000000 9827.000000 
8611.000000 9760.000000 
8615.000000 9750.000000 
8618.000000 9739.000000 
8639.000000 9738.000000 
8646.000000 9713.000000 
8702.000000 9697.000000 
8773.000000 9678.000000 
8792.000000 9652.000000 
8774.000000 9667.000000 
8842.000000 9622.000000 
8847.000000 9609.000000 
8894.000000 9576.000000 
8887.000000 9608.000000 
8901.000000 9564.000000 
8939.000000 9563.000000 
8976.000000 9531.000000 
8993.000000 9529.000000 
8955.000000 9550.000000 
8972.000000 9541.000000 
8963.000000 9548.000000 
9018.000000 9464.000000 
9050.000000 9437.000000 
8998.000000 9499.000000 
9015.000000 9475.000000 
9008.000000 9498.000000 
9071.000000 9411.000000 
9091.000000 9390.000000 
9108.000000 9355.000000 
9125.000000 9353.000000 
9180.000000 9324.000000 
9161.000000 9350.000000 

8017.000000 9942.000000 
8041.000000 9924.000000 

8029.000000 9966.000000 
8020.000000 9973.000000 
8185.000000 9958.000000 
8222.000000 9940.000000 
8230.000000 9927.000000 
8292.000000 9925.000000 
8302.000000 9919.000000 
8308.000000 9907.000000 
8313.000000 9906.000000 
8347.000000 9895.000000 
8342.000000 9902.000000 
8384.000000 9886.000000 
8470.000000 9820.000000 
8439.000000 9845.000000 
8408.000000 9862.000000 
8528.000000 9808.000000 
8566.000000 9787.000000 
8586.000000 9774.000000 
8535.000000 9801.000000 
8558.000000 9791.000000 
8631.000000 9734.000000 
8633.000000 9719.000000 
8610.000000 9766.000000 
8624.000000 9748.000000 
8627.000000 9736.000000 
8679.000000 9716.000000 
8704.000000 9699.000000 
8731.000000 9697.000000 
8746.000000 9690.000000 
8762.000000 9680.000000 
8769.000000 9676.000000 
8787.000000 9672.000000 
8858.000000 9642.000000 
8868.000000 9640.000000 
8855.000000 9662.000000 
8876.000000 9627.000000 
8875.000000 9638.000000 
8959.000000 9535.000000 
8970.000000 9522.000000 
9043.000000 9454.000000 
9067.000000 9443.000000 
9031.000000 9479.000000 
9026.000000 9484.000000 
9079.000000 9432.000000 
9111.000000 9400.000000 
9104.000000 9402.000000 
9084.000000 9410.000000 
9094.000000 9408.000000 
9098.000000 9403.000000 
9162.000000 9355.000000 
9148.000000 9392.000000 
9170.000000 9351.000000 
9161.000000 9360.000000 
9187.000000 9346.000000 
9207.000000 9327.000000 
9208.000000 9326.000000 
9197.000000 9344.000000 
9199.000000 9342.000000 
9234.000000 9311.000000 
9206.000000 9340.000000 
9238.000000 9289.000000 
9276.000000 9225.000000 
9240.000000 9252.000000 
9251.000000 9235.000000 

0.639427 0.223211 
0.621159 0.537634 
0.834911 0.052086 
0.927673 0.121426 
0.014860 0.323771 
0.284147 0.906343 
0.172656 0.810513 
0.669834 0.052491 
0.359645 0.802817 
0.166338 0.645031 
0.639427 0.223211 
0.621159 0.537634 
0.834911 0.052086 
0.927673 0.121426 
0.014860 0.323771 
0.284147 0.906343 
0.172656 0.810513 
0.669834 0.052491 
0.359645 0.802817 
0.166338 0.645031 
0.694031 0.089331 
0.121453 0.222288 
0.572714 0.394804 
0.503336 0.045718 
0.760775 0.942674 
0.502167 0.806540 
0.700819 0.398931 
0.282115 0.008204 
0.431936 0.336168 
0.769157 0.730162 
0.694031 0.089331 
0.121453 0.222288 
0.572714 0.394804 
0.503336 0.045718 
0.760775 0.942674 
0.502167 0.806540 
0.700819 0.398931 
0.282115 0.008204 
0.431936 0.336168 
0.769157 0.730162 
0.475334 0.170802 
0.656395 0.967166 
0.202211 0.059652 
0.143639 0.525301 
0.792731 0.490250 
0.453262 0.641593 
0.684314 0.427732 
0.511672 0.635686 
0.608787 0.173536 
0.144432 0.191681 
0.475334 0.170802 
0.656395 0.967166 
0.202211 0.059652 
0.143639 0.525301 
0.792731 0.490250 
0.453262 0.641593 
0.684314 0.427732 
0.511672 0.635686 
0.608787 0.173536 
0.144432 0.191681 
0.114683 0.748676 
0.876006 0.691837 
0.980277 0.969727 
0.123843 0.656633 
0.647564 0.177734 
0.973851 0.407287 
0.153375 0.820034 
0.329329 0.269912 
0.218858 0.811709 
0.545942 0.936927 
0.114683 0.748676 
0.876006 0.691837 
0.980277 0.969727 
0.123843 0.656633 
0.647564 0.177734 
0.973851 0.407287 
0.153375 0.820034 
0.329329 0.269912 
0.218858 0.811709 
0.545942 0.936927 
0.911873 0.808034 
0.674989 0.425199 
0.530686 0.955360 
0.819791 0.393850 
0.410294 0.138572 
0.956707 0.788749 
0.306065 0.265181 
0.920670 0.849430 
0.847774 0.911867 
0.199410 0.659651 
0.911873 0.808034 
0.674989 0.425199 
0.530686 0.955360 
0.819791 0.393850 
0.410294 0.138572 
0.956707 0.788749 
0.306065 0.265181 
0.920670 0.849430 
0.847774 0.911867 
0.199410 0.659651 
0.152685 0.949634 
0.451650 0.671846 
0.502073 0.388178 
0.220438 0.927852 
0.509507 0.448359 
0.002737 0.501077 
0.269360 0.706904 
0.172135 0.315730 
0.956211 0.504886 
0.081214 0.823561 
0.152685 0.949634 
0.451650 0.671846 
0.502073 0.388178 
0.220438 0.927852 
0.509507 0.448359 
0.002737 0.501077 
0.269360 0.706904 
0.172135 0.315730 
0.956211 0.504886 
0.081214 0.823561 
0.663570 0.390154 
0.862738 0.618612 
0.426199 0.129988 
0.299556 0.667984 
0.160264 0.294112 
0.457044 0.003508 
0.193756 0.996456 
0.114534 0.225650 
0.962275 0.280357 
0.653201 0.659991 
0.663570 0.390154 
0.862738 0.618612 
0.426199 0.129988 
0.299556 0.667984 
0.160264 0.294112 
0.457044 0.003508 
0.193756 0.996456 
0.114534 0.225650 
0.962275 0.280357 
0.653201 0.659991 
0.566685 0.064088 
0.176148 0.260673 
0.325367 0.700317 
0.425599 0.731506 
0.379115 0.078866 
0.494933 0.563086 
0.881235 0.706340 
0.589694 0.414941 
0.683193 0.859667 
0.132263 0.564331 
0.566685 0.064088 
0.176148 0.260673 
0.325367 0.700317 
0.425599 0.731506 
0.379115 0.078866 
0.494933 0.563086 
0.881235 0.706340 
0.589694 0.414941 
0.683193 0.859667 
0.132263 0.564331 
0.199885 0.425611 
0.206247 0.953681 
0.956584 0.226829 
0.363358 0.698224 
0.473398 0.159454 
0.255354 0.256688 
0.044239 0.614183 
0.850808 0.607856 
0.289636 0.989886 
0.547868 0.998340 
0.199885 0.425611 
0.206247 0.953681 
0.956584 0.226829 
0.363358 0.698224 
0.473398 0.159454 
0.255354 0.256688 
0.044239 0.614183 
0.850808 0.607856 
0.289636 0.989886 
0.547868 0.998340 
0.246601 0.327628 
0.672641 0.613595 
0.929031 0.869007 
0.853050 0.779810 
0.567145 0.914678 
0.880498 0.399765 
0.631843 0.706566 
0.208687 0.737578 
0.088267 0.207697 
0.938760 0.341243 
0.246601 0.327628 
0.672641 0.613595 
0.929031 0.869007 
0.853050 0.779810 
0.567145 0.914678 
0.880498 0.399765 
0.631843 0.706566 
0.208687 0.737578 
0.088267 0.207697 
0.938760 0.341243 
0.396003 0.758601 
0.100773 0.677805 
0.401529 0.423444 
0.904514 0.247581 
0.781890 0.084529 
0.407632 0.733859 
0.669536 0.024507 
0.393145 0.535115 
0.617183 0.137727 
0.496441 0.611719 
0.396003 0.758601 
0.100773 0.677805 
0.401529 0.423444 
0.904514 0.247581 
0.781890 0.084529 
0.407632 0.733859 
0.669536 0.024507 
0.393145 0.535115 
0.617183 0.137727 
0.496441 0.611719 
0.181831 0.620443 
0.800681 0.250285 
0.212966 0.469816 
0.578396 0.360464 
0.775436 0.376407 
0.577395 0.040358 
0.747790 0.154252 
0.059568 0.790713 
0.007115 0.435148 
0.609790 0.000223 
0.181831 0.620443 
0.800681 0.250285 
0.212966 0.469816 
0.578396 0.360464 
0.775436 0.376407 
0.577395 0.040358 
0.747790 0.154252 
0.059568 0.790713 
0.007115 0.435148 
0.609790 0.000223 
0.085196 0.680200 
0.426372 0.788092 
0.355132 0.177572 
0.454013 0.354606 
0.450707 0.882060 
0.619079 0.634481 
0.121959 0.745199 
0.052758 0.176536 
0.068283 0.111399 
0.031387 0.591253 
0.085196 0.680200 
0.426372 0.788092 
0.355132 0.177572 
0.454013 0.354606 
0.450707 0.882060 
0.619079 0.634481 
0.121959 0.745199 
0.052758 0.176536 
0.068283 0.111399 
0.031387 0.591253 
0.826260 0.417072 
0.153446 0.272047 
0.623245 0.519675 
0.266567 0.557237 
0.316459 0.229885 
0.734761 0.697263 
0.787047 0.556789 
0.441028 0.309030 
0.867040 0.185430 
0.481831 0.596124 
0.826260 0.417072 
0.153446 0.272047 
0.623245 0.519675 
0.266567 0.557237 
0.316459 0.229885 
0.734761 0.697263 
0.787047 0.556789 
0.441028 0.309030 
0.867040 0.185430 
0.481831 0.596124 
0.547437 0.749734 
0.669038 0.687718 
0.017844 0.468776 
0.656261 0.770936 
0.959190 0.600927 
0.503851 0.629284 
0.697124 0.151297 
0.094990 0.765884 
0.424688 0.233621 
0.106709 0.842450 
0.547437 0.749734 
0.669038 0.687718 
0.017844 0.468776 
0.656261 0.770936 
0.959190 0.600927 
0.503851 0.629284 
0.697124 0.151297 
0.094990 0.765884 
0.424688 0.233621 
0.106709 0.842450 
0.338198 0.929679 
0.141419 0.231698 
0.400711 0.590663 
0.467479 0.830342 
0.631296 0.786180 
0.762786 0.431056 
0.942298 0.053407 
0.638686 0.796307 
0.806436 0.327692 
0.795357 0.955938 
0.338198 0.929679 
0.141419 0.231698 
0.400711 0.590663 
0.467479 0.830342 
0.631296 0.786180 
0.762786 0.431056 
0.942298 0.053407 
0.638686 0.796307 
0.806436 0.327692 
0.795357 0.955938 
0.811855 0.289509 
0.480772 0.669200 
0.725935 0.937320 
0.618991 0.079631 
0.635451 0.541420 
0.224554 0.249154 
0.928798 0.320247 
0.285714 0.584965 
0.297088 0.042343 
0.743155 0.739946 
0.811855 0.289509 
0.480772 0.669200 
0.725935 0.937320 
0.618991 0.079631 
0.635451 0.541420 
0.224554 0.249154 
0.928798 0.320247 
0.285714 0.584965 
0.297088 0.042343 
0.743155 0.739946 
0.857620 0.709978 
0.104655 0.791609 
0.272546 0.531702 
0.719356 0.117071 
0.936768 0.692382 
0.897519 0.494088 
0.561358 0.597450 
0.602294 0.797260 
0.551954 0.743389 
0.547048 0.099872 
0.857620 0.709978 
0.104655 0.791609 
0.272546 0.531702 
0.719356 0.117071 
0.936768 0.692382 
0.897519 0.494088 
0.561358 0.597450 
0.602294 0.797260 
0.551954 0.743389 
0.547048 0.099872 
0.763026 0.629644 
0.494424 0.034916 
0.910714 0.811179 
0.482336 0.616909 
0.344172 0.245117 
0.444908 0.206239 
0.713193 0.950180 
0.979860 0.912252 
0.153967 0.631178 
0.904472 0.687333 
0.763026 0.629644 
0.494424 0.034916 
0.910714 0.811179 
0.482336 0.616909 
0.344172 0.245117 
0.444908 0.206239 
0.713193 0.950180 
0.979860 0.912252 
0.153967 0.631178 
0.904472 0.687333 
0.574706 0.347213 
0.080284 0.627408 
0.756594 0.044510 
0.389870 0.386401 
0.509372 0.784591 
0.682196 0.006937 
0.284649 0.441319 
0.885449 0.959765 
0.623149 0.301380 
0.566564 0.580650 
0.574706 0.347213 
0.080284 0.627408 
0.756594 0.044510 
0.389870 0.386401 
0.509372 0.784591 
0.682196 0.006937 
0.284649 0.441319 
0.885449 0.959765 
0.623149 0.301380 
0.566564 0.580650 
0.363990 0.917563 
0.928365 0.232032 
0.039817 0.627490 
0.978032 0.450103 
0.876972 0.915597 
0.568664 0.811184 
0.115842 0.973523 
0.429071 0.191072 
0.425855 0.623889 
0.246892 0.847658 
0.363990 0.917563 
0.928365 0.232032 
0.039817 0.627490 
0.978032 0.450103 
0.876972 0.915597 
0.568664 0.811184 
0.115842 0.973523 
0.429071 0.191072 
0.425855 0.623889 
0.246892 0.847658 
0.043368 0.625589 
0.239883 0.565834 
0.146215 0.391357 
0.928702 0.090706 
0.494014 0.083632 
0.112243 0.053037 
0.209685 0.261864 
0.044826 0.224499 
0.113027 0.056845 
0.826538 0.411708 
0.043368 0.625589 
0.239883 0.565834 
0.146215 0.391357 
0.928702 0.090706 
0.494014 0.083632 
0.112243 0.053037 
0.209685 0.261864 
0.044826 0.224499 
0.113027 0.056845 
0.826538 0.411708 
0.919842 0.378566 
0.785766 0.534501 
0.035793 0.428052 
0.225895 0.390195 
0.015871 0.178676 
0.019008 0.615864 
0.407563 0.696547 
0.725275 0.968657 
0.859948 0.838880 
0.113547 0.924612 
0.919842 0.378566 
0.785766 0.534501 
0.035793 0.428052 
0.225895 0.390195 
0.015871 0.178676 
0.019008 0.615864 
0.407563 0.696547 
0.725275 0.968657 
0.859948 0.838880 
0.113547 0.924612 
0.892025 0.683921 
0.311544 0.066763 
0.943094 0.047276 
0.607543 0.826852 
0.581635 0.095225 
0.912934 0.488581 
0.213052 0.890452 
0.669784 0.834380 
0.673584 0.733699 
0.628245 0.315416 
0.892025 0.683921 
0.311544 0.066763 
0.943094 0.047276 
0.607543 0.826852 
0.581635 0.095225 
0.912934 0.488581 
0.213052 0.890452 
0.669784 0.834380 
0.673584 0.733699 
0.628245 0.315416 
0.819175 0.791349 
0.636337 0.644537 
0.304688 0.043998 
0.126407 0.039215 
0.050793 0.366270 
0.685763 0.745150 
0.325726 0.928470 
0.798071 0.457564 
0.766353 0.323320 
0.238795 0.276350 
0.819175 0.791349 
0.636337 0.644537 
0.304688 0.043998 
0.126407 0.039215 
0.050793 0.366270 
0.685763 0.745150 
0.325726 0.928470 
0.798071 0.457564 
0.766353 0.323320 
0.238795 0.276350 

0.634296 0.358997 
0.626418 0.321536 
0.782933 0.745514 
0.936295 0.020408 
0.339219 0.094741 
0.635032 0.760793 
0.619539 0.788384 
0.923022 0.146419 
0.798914 0.016516 
0.821065 0.465095 
0.634296 0.358997 
0.626418 0.321536 
0.782933 0.745514 
0.936295 0.020408 
0.339219 0.094741 
0.635032 0.760793 
0.619539 0.788384 
0.923022 0.146419 
0.798914 0.016516 
0.821065 0.465095 
0.869724 0.244438 
0.209806 0.992705 
0.139658 0.579637 
0.726270 0.547516 
0.059377 0.859723 
0.353783 0.586070 
0.466079 0.992639 
0.176875 0.758572 
0.121498 0.900208 
0.292425 0.971299 
0.869724 0.244438 
0.209806 0.992705 
0.139658 0.579637 
0.726270 0.547516 
0.059377 0.859723 
0.353783 0.586070 
0.466079 0.992639 
0.176875 0.758572 
0.121498 0.900208 
0.292425 0.971299 
0.264362 0.932206 
0.369504 0.793648 
0.618141 0.445744 
0.799855 0.257989 
0.307615 0.016139 
0.148835 0.728230 
0.247194 0.145398 
0.383487 0.530150 
0.020238 0.797408 
0.178016 0.527176 
0.264362 0.932206 
0.369504 0.793648 
0.618141 0.445744 
0.799855 0.257989 
0.307615 0.016139 
0.148835 0.728230 
0.247194 0.145398 
0.383487 0.530150 
0.020238 0.797408 
0.178016 0.527176 
0.243726 0.076629 
0.157825 0.904439 
0.244702 0.117658 
0.217900 0.061070 
0.326437 0.751201 
0.936221 0.652502 
0.258176 0.136319 
0.431239 0.149026 
0.718130 0.783301 
0.920761 0.980006 
0.243726 0.076629 
0.157825 0.904439 
0.244702 0.117658 
0.217900 0.061070 
0.326437 0.751201 
0.936221 0.652502 
0.258176 0.136319 
0.431239 0.149026 
0.718130 0.783301 
0.920761 0.980006 
0.130992 0.153922 
0.580579 0.700552 
0.109712 0.778780 
0.493376 0.098282 
0.202381 0.084990 
0.504358 0.492969 
0.443785 0.204193 
0.232655 0.685738 
0.737680 0.093942 
0.669073 0.469293 
0.130992 0.153922 
0.580579 0.700552 
0.109712 0.778780 
0.493376 0.098282 
0.202381 0.084990 
0.504358 0.492969 
0.443785 0.204193 
0.232655 0.685738 
0.737680 0.093942 
0.669073 0.469293 
0.060666 0.884349 
0.717153 0.686304 
0.407615 0.012820 
0.886368 0.295069 
0.792768 0.055230 
0.308474 0.965582 
0.311282 0.587384 
0.494873 0.896408 
0.014855 0.769580 
0.328767 0.454682 
0.060666 0.884349 
0.717153 0.686304 
0.407615 0.012820 
0.886368 0.295069 
0.792768 0.055230 
0.308474 0.965582 
0.311282 0.587384 
0.494873 0.896408 
0.014855 0.769580 
0.328767 0.454682 
0.510273 0.312239 
0.399637 0.866467 
0.766689 0.579006 
0.964717 0.923271 
0.427860 0.623903 
0.356654 0.613667 
0.299734 0.209377 
0.319739 0.789199 
0.415782 0.201261 
0.718412 0.634280 
0.510273 0.312239 
0.399637 0.866467 
0.766689 0.579006 
0.964717 0.923271 
0.427860 0.623903 
0.356654 0.613667 
0.299734 0.209377 
0.319739 0.789199 
0.415782 0.201261 
0.718412 0.634280 
0.251378 0.509880 
0.866601 0.275181 
0.345643 0.552937 
0.973344 0.007339 
0.340535 0.924333 
0.903326 0.750058 
0.899416 0.528912 
0.083912 0.766300 
0.610486 0.070481 
0.921794 0.426930 
0.251378 0.509880 
0.866601 0.275181 
0.345643 0.552937 
0.973344 0.007339 
0.340535 0.924333 
0.903326 0.750058 
0.899416 0.528912 
0.083912 0.766300 
0.610486 0.070481 
0.921794 0.426930 
0.955459 0.517779 
0.008960 0.387895 
0.257666 0.763730 
0.633167 0.296152 
0.208372 0.958403 
0.174203 0.585424 
0.404570 0.151013 
0.237192 0.367225 
0.666439 0.207687 
0.276557 0.258893 
0.955459 0.517779 
0.008960 0.387895 
0.257666 0.763730 
0.633167 0.296152 
0.208372 0.958403 
0.174203 0.585424 
0.404570 0.151013 
0.237192 0.367225 
0.666439 0.207687 
0.276557 0.258893 
0.740516 0.979378 
0.665581 0.429389 
0.753776 0.672670 
0.826867 0.730043 
0.854025 0.647197 
0.836641 0.483310 
0.995648 0.642614 
0.897890 0.885064 
0.376651 0.566440 
0.489446 0.042889 
0.740516 0.979378 
0.665581 0.429389 
0.753776 0.672670 
0.826867 0.730043 
0.854025 0.647197 
0.836641 0.483310 
0.995648 0.642614 
0.897890 0.885064 
0.376651 0.566440 
0.489446 0.042889 
0.696849 0.499084 
0.736663 0.944850 
0.357834 0.568849 
0.827414 0.223778 
0.443013 0.625599 
0.073876 0.887607 
0.367883 0.122885 
0.302457 0.785010 
0.114978 0.512535 
0.550844 0.896413 
0.696849 0.499084 
0.736663 0.944850 
0.357834 0.568849 
0.827414 0.223778 
0.443013 0.625599 
0.073876 0.887607 
0.367883 0.122885 
0.302457 0.785010 
0.114978 0.512535 
0.550844 0.896413 
0.541430 0.845781 
0.179297 0.385690 
0.892317 0.884428 
0.045355 0.437081 
0.731752 0.378172 
0.488665 0.225903 
0.144417 0.050716 
0.463812 0.041417 
0.899861 0.368320 
0.544773 0.733600 
0.541430 0.845781 
0.179297 0.385690 
0.892317 0.884428 
0.045355 0.437081 
0.731752 0.378172 
0.488665 0.225903 
0.144417 0.050716 
0.463812 0.041417 
0.899861 0.368320 
0.544773 0.733600 
0.188319 0.207701 
0.445863 0.112301 
0.549406 0.430846 
0.706183 0.149867 
0.895594 0.662194 
0.510478 0.498605 
0.638532 0.921380 
0.211614 0.888080 
0.112495 0.740566 
0.996699 0.525520 
0.188319 0.207701 
0.445863 0.112301 
0.549406 0.430846 
0.706183 0.149867 
0.895594 0.662194 
0.510478 0.498605 
0.638532 0.921380 
0.211614 0.888080 
0.112495 0.740566 
0.996699 0.525520 
0.828637 0.137334 
0.144345 0.957539 
0.932834 0.392559 
0.278854 0.820656 
0.520715 0.448427 
0.354284 0.536069 
0.602303 0.785827 
0.929430 0.176891 
0.254023 0.372582 
0.659700 0.553845 
0.828637 0.137334 
0.144345 0.957539 
0.932834 0.392559 
0.278854 0.820656 
0.520715 0.448427 
0.354284 0.536069 
0.602303 0.785827 
0.929430 0.176891 
0.254023 0.372582 
0.659700 0.553845 
0.674210 0.391946 
0.663052 0.262076 
0.876834 0.408244 
0.442210 0.071485 
0.507261 0.970956 
0.779902 0.243508 
0.134571 0.282084 
0.398098 0.666240 
0.506838 0.059372 
0.405073 0.459132 
0.674210 0.391946 
0.663052 0.262076 
0.876834 0.408244 
0.442210 0.071485 
0.507261 0.970956 
0.779902 0.243508 
0.134571 0.282084 
0.398098 0.666240 
0.506838 0.059372 
0.405073 0.459132 
0.129565 0.791249 
0.965006 0.072678 
0.964118 0.758711 
0.041825 0.645439 
0.207998 0.971514 
0.465192 0.278361 
0.049738 0.951299 
0.302868 0.859793 
0.348553 0.652940 
0.933783 0.760090 
0.129565 0.791249 
0.965006 0.072678 
0.964118 0.758711 
0.041825 0.645439 
0.207998 0.971514 
0.465192 0.278361 
0.049738 0.951299 
0.302868 0.859793 
0.348553 0.652940 
0.933783 0.760090 
0.876422 0.315638 
0.472333 0.408724 
0.823602 0.840759 
0.523735 0.440785 
0.887828 0.929325 
0.000117 0.864423 
0.106841 0.001833 
0.823823 0.089735 
0.099925 0.464802 
0.388286 0.664394 
0.876422 0.315638 
0.472333 0.408724 
0.823602 0.840759 
0.523735 0.440785 
0.887828 0.929325 
0.000117 0.864423 
0.106841 0.001833 
0.823823 0.089735 
0.099925 0.464802 
0.388286 0.664394 
0.968910 0.856353 
0.683410 0.492614 
0.716520 0.420215 
0.268935 0.750469 
0.135908 0.303568 
0.299194 0.548081 
0.267270 0.242151 
0.863272 0.179446 
0.740130 0.558601 
0.839919 0.443092 
0.968910 0.856353 
0.683410 0.492614 
0.716520 0.420215 
0.268935 0.750469 
0.135908 0.303568 
0.299194 0.548081 
0.267270 0.242151 
0.863272 0.179446 
0.740130 0.558601 
0.839919 0.443092 
0.251759 0.938720 
0.414358 0.891025 
0.064948 0.077843 
0.628873 0.224582 
0.362131 0.352595 
0.100911 0.437306 
0.559948 0.214062 
0.073005 0.553113 
0.745838 0.558287 
0.041185 0.160991 
0.251759 0.938720 
0.414358 0.891025 
0.064948 0.077843 
0.628873 0.224582 
0.362131 0.352595 
0.100911 0.437306 
0.559948 0.214062 
0.073005 0.553113 
0.745838 0.558287 
0.041185 0.160991 
0.904955 0.561812 
0.072214 0.570706 
0.589118 0.467440 
0.049128 0.451054 
0.943696 0.597706 
0.404655 0.615726 
0.993498 0.136412 
0.957614 0.803138 
0.890184 0.185395 
0.856020 0.596196 
0.904955 0.561812 
0.072214 0.570706 
0.589118 0.467440 
0.049128 0.451054 
0.943696 0.597706 
0.404655 0.615726 
0.993498 0.136412 
0.957614 0.803138 
0.890184 0.185395 
0.856020 0.596196 
0.954099 0.855593 
0.315686 0.815458 
0.733975 0.538366 
0.726028 0.747840 
0.069501 0.739370 
0.659364 0.921987 
0.802418 0.408050 
0.314751 0.057983 
0.776039 0.302483 
0.128920 0.462181 
0.954099 0.855593 
0.315686 0.815458 
0.733975 0.538366 
0.726028 0.747840 
0.069501 0.739370 
0.659364 0.921987 
0.802418 0.408050 
0.314751 0.057983 
0.776039 0.302483 
0.128920 0.462181 
0.016236 0.909574 
0.035274 0.302145 
0.364773 0.612398 
0.175038 0.119216 
0.690074 0.820331 
0.998748 0.327473 
0.261116 0.130280 
0.621479 0.711298 
0.439072 0.400490 
0.152840 0.162843 
0.016236 0.909574 
0.035274 0.302145 
0.364773 0.612398 
0.175038 0.119216 
0.690074 0.820331 
0.998748 0.327473 
0.261116 0.130280 
0.621479 0.711298 
0.439072 0.400490 
0.152840 0.162843 
0.184266 0.535187 
0.260838 0.352095 
0.007094 0.407013 
0.955916 0.452564 
0.844877 0.687369 
0.413924 0.748191 
0.398700 0.296249 
0.970648 0.201235 
0.830936 0.583242 
0.607416 0.186105 
0.184266 0.535187 
0.260838 0.352095 
0.007094 0.407013 
0.955916 0.452564 
0.844877 0.687369 
0.413924 0.748191 
0.398700 0.296249 
0.970648 0.201235 
0.830936 0.583242 
0.607416 0.186105 
0.609371 0.376736 
0.555310 0.819632 
0.658193 0.462160 
0.555980 0.661138 
0.534465 0.545605 
0.795623 0.653809 
0.702421 0.082543 
0.589798 0.262651 
0.974732 0.877709 
0.991730 0.477589 
0.609371 0.376736 
0.555310 0.819632 
0.658193 0.462160 
0.555980 0.661138 
0.534465 0.545605 
0.795623 0.653809 
0.702421 0.082543 
0.589798 0.262651 
0.974732 0.877709 
0.991730 0.477589 
0.868939 0.438685 
0.372821 0.576522 
0.829978 0.893399 
0.823863 0.093955 
0.647251 0.750177 
0.836313 0.412753 
0.245695 0.301361 
0.992689 0.020842 
0.824770 0.034920 
0.350357 0.971241 
0.868939 0.438685 
0.372821 0.576522 
0.829978 0.893399 
0.823863 0.093955 
0.647251 0.750177 
0.836313 0.412753 
0.245695 0.301361 
0.992689 0.020842 
0.824770 0.034920 
0.350357 0.971241 

0.908796 0.607325 
0.678658 0.848742 
0.358313 0.349560 
0.314602 0.775667 
0.745137 0.062802 
0.050915 0.294459 
0.354738 0.131767 
0.402142 0.677426 
0.653437 0.543688 
0.926414 0.093534 
0.908796 0.607325 
0.678658 0.848742 
0.358313 0.349560 
0.314602 0.775667 
0.745137 0.062802 
0.050915 0.294459 
0.354738 0.131767 
0.402142 0.677426 
0.653437 0.543688 
0.926414 0.093534 
0.905414 0.777343 
0.855585 0.267742 
0.076555 0.079865 
0.322405 0.482680 
0.711572 0.291519 
0.531166 0.388072 
0.064452 0.648973 
0.683264 0.370218 
0.063282 0.279099 
0.340419 0.822179 
0.905414 0.777343 
0.855585 0.267742 
0.076555 0.079865 
0.322405 0.482680 
0.711572 0.291519 
0.531166 0.388072 
0.064452 0.648973 
0.683264 0.370218 
0.063282 0.279099 
0.340419 0.822179 
0.618251 0.214690 
0.740510 0.614298 
0.322049 0.109092 
0.563477 0.564752 
0.933705 0.033653 
0.733375 0.745841 
0.659521 0.472397 
0.470319 0.032327 
0.228228 0.007696 
0.488880 0.959640 
0.618251 0.214690 
0.740510 0.614298 
0.322049 0.109092 
0.563477 0.564752 
0.933705 0.033653 
0.733375 0.745841 
0.659521 0.472397 
0.470319 0.032327 
0.228228 0.007696 
0.488880 0.959640 
0.563277 0.195026 
0.176288 0.729406 
0.850265 0.048428 
0.529331 0.296839 
0.726364 0.088455 
0.856935 0.655509 
0.348144 0.277386 
0.298347 0.335450 
0.349396 0.307909 
0.893948 0.797607 
0.563277 0.195026 
0.176288 0.729406 
0.850265 0.048428 
0.529331 0.296839 
0.726364 0.088455 
0.856935 0.655509 
0.348144 0.277386 
0.298347 0.335450 
0.349396 0.307909 
0.893948 0.797607 
0.697413 0.545834 
0.817830 0.008559 
0.510535 0.776077 
0.286336 0.737852 
0.185795 0.468246 
0.969899 0.642632 
0.888196 0.079829 
0.926123 0.342843 
0.075096 0.121523 
0.104854 0.070290 
0.697413 0.545834 
0.817830 0.008559 
0.510535 0.776077 
0.286336 0.737852 
0.185795 0.468246 
0.969899 0.642632 
0.888196 0.079829 
0.926123 0.342843 
0.075096 0.121523 
0.104854 0.070290 
0.886046 0.159562 
0.803497 0.714016 
0.433403 0.585291 
0.376276 0.642370 
0.515984 0.868510 
0.212958 0.590439 
0.329135 0.726165 
0.892107 0.821364 
0.160760 0.989791 
0.495439 0.373529 
0.886046 0.159562 
0.803497 0.714016 
0.433403 0.585291 
0.376276 0.642370 
0.515984 0.868510 
0.212958 0.590439 
0.329135 0.726165 
0.892107 0.821364 
0.160760 0.989791 
0.495439 0.373529 
0.094910 0.013818 
0.656985 0.539844 
0.358567 0.655947 
0.264816 0.143280 
0.004213 0.741865 
0.625233 0.034827 
0.015684 0.017137 
0.161252 0.892915 
0.580665 0.080953 
0.876821 0.548000 
0.094910 0.013818 
0.656985 0.539844 
0.358567 0.655947 
0.264816 0.143280 
0.004213 0.741865 
0.625233 0.034827 
0.015684 0.017137 
0.161252 0.892915 
0.580665 0.080953 
0.876821 0.548000 
0.178985 0.404243 
0.777569 0.451525 
0.528413 0.105525 
0.979627 0.019490 
0.855450 0.025643 
0.296597 0.987601 
0.043030 0.396587 
0.011076 0.984853 
0.101609 0.556030 
0.106575 0.973385 
0.178985 0.404243 
0.777569 0.451525 
0.528413 0.105525 
0.979627 0.019490 
0.855450 0.025643 
0.296597 0.987601 
0.043030 0.396587 
0.011076 0.984853 
0.101609 0.556030 
0.106575 0.973385 
0.179676 0.747505 
0.336844 0.385666 
0.423150 0.755339 
0.821640 0.368641 
0.686808 0.690708 
0.624962 0.358508 
0.243112 0.068457 
0.019254 0.169306 
0.840912 0.294295 
0.738609 0.303675 
0.179676 0.747505 
0.336844 0.385666 
0.423150 0.755339 
0.821640 0.368641 
0.686808 0.690708 
0.624962 0.358508 
0.243112 0.068457 
0.019254 0.169306 
0.840912 0.294295 
0.738609 0.303675 
0.070322 0.407115 
0.500769 0.063467 
0.222730 0.974517 
0.880868 0.039839 
0.477155 0.219908 
0.059653 0.493621 
0.103908 0.594001 
0.857593 0.274145 
0.320324 0.717495 
0.761141 0.364001 
0.070322 0.407115 
0.500769 0.063467 
0.222730 0.974517 
0.880868 0.039839 
0.477155 0.219908 
0.059653 0.493621 
0.103908 0.594001 
0.857593 0.274145 
0.320324 0.717495 
0.761141 0.364001 
0.102876 0.882787 
0.609713 0.589913 
0.983758 0.553794 
0.515748 0.915160 
0.372873 0.968826 
0.580616 0.760197 
0.145459 0.169581 
0.284811 0.833499 
0.545067 0.947219 
0.775431 0.447672 
0.102876 0.882787 
0.609713 0.589913 
0.983758 0.553794 
0.515748 0.915160 
0.372873 0.968826 
0.580616 0.760197 
0.145459 0.169581 
0.284811 0.833499 
0.545067 0.947219 
0.775431 0.447672 
0.391874 0.540224 
0.232951 0.188800 
0.055919 0.924445 
0.831658 0.984299 
0.553574 0.404775 
0.392587 0.234200 
0.860934 0.490004 
0.232653 0.502173 
0.737587 0.913512 
0.013607 0.202474 
0.391874 0.540224 
0.232951 0.188800 
0.055919 0.924445 
0.831658 0.984299 
0.553574 0.404775 
0.392587 0.234200 
0.860934 0.490004 
0.232653 0.502173 
0.737587 0.913512 
0.013607 0.202474 
0.987985 0.522132 
0.475744 0.814103 
0.017919 0.639009 
0.233902 0.117477 
0.840423 0.934649 
0.277286 0.302530 
0.484758 0.119464 
0.105817 0.278573 
0.970003 0.754408 
0.883430 0.306195 
0.987985 0.522132 
0.475744 0.814103 
0.017919 0.639009 
0.233902 0.117477 
0.840423 0.934649 
0.277286 0.302530 
0.484758 0.119464 
0.105817 0.278573 
0.970003 0.754408 
0.883430 0.306195 
0.506269 0.196288 
0.047980 0.017924 
0.481269 0.189863 
0.320509 0.389141 
0.028172 0.019503 
0.725600 0.214211 
0.758430 0.715267 
0.448072 0.937713 
0.071259 0.529831 
0.655541 0.651260 
0.506269 0.196288 
0.047980 0.017924 
0.481269 0.189863 
0.320509 0.389141 
0.028172 0.019503 
0.725600 0.214211 
0.758430 0.715267 
0.448072 0.937713 
0.071259 0.529831 
0.655541 0.651260 
0.807093 0.736071 
0.933462 0.644239 
0.450563 0.319562 
0.106676 0.445020 
0.675523 0.391538 
0.782421 0.000850 
0.467982 0.666144 
0.909526 0.674943 
0.016276 0.025416 
0.453711 0.818276 
0.807093 0.736071 
0.933462 0.644239 
0.450563 0.319562 
0.106676 0.445020 
0.675523 0.391538 
0.782421 0.000850 
0.467982 0.666144 
0.909526 0.674943 
0.016276 0.025416 
0.453711 0.818276 
0.041549 0.680884 
0.070039 0.750634 
0.374614 0.567465 
0.605340 0.876514 
0.219056 0.880978 
0.746348 0.714750 
0.733077 0.166304 
0.344116 0.521036 
0.352528 0.333201 
0.173517 0.031840 
0.041549 0.680884 
0.070039 0.750634 
0.374614 0.567465 
0.605340 0.876514 
0.219056 0.880978 
0.746348 0.714750 
0.733077 0.166304 
0.344116 0.521036 
0.352528 0.333201 
0.173517 0.031840 
0.430225 0.349957 
0.455761 0.270061 
0.415812 0.268577 
0.881758 0.200992 
0.142576 0.552005 
0.453262 0.853417 
0.000847 0.813586 
0.046206 0.164808 
0.612620 0.079323 
0.719341 0.325785 
0.430225 0.349957 
0.455761 0.270061 
0.415812 0.268577 
0.881758 0.200992 
0.142576 0.552005 
0.453262 0.853417 
0.000847 0.813586 
0.046206 0.164808 
0.612620 0.079323 
0.719341 0.325785 
0.580060 0.934894 
0.419496 0.231058 
0.621074 0.032345 
0.223680 0.854032 
0.002626 0.601040 
0.687270 0.670486 
0.981527 0.332740 
0.325352 0.001596 
0.940555 0.340465 
0.171326 0.182858 
0.580060 0.934894 
0.419496 0.231058 
0.621074 0.032345 
0.223680 0.854032 
0.002626 0.601040 
0.687270 0.670486 
0.981527 0.332740 
0.325352 0.001596 
0.940555 0.340465 
0.171326 0.182858 
0.037154 0.248302 
0.918298 0.034773 
0.660523 0.964372 
0.995927 0.362399 
0.504976 0.614951 
0.587985 0.550870 
0.347574 0.672026 
0.783056 0.029112 
0.046726 0.759835 
0.889445 0.468010 
0.037154 0.248302 
0.918298 0.034773 
0.660523 0.964372 
0.995927 0.362399 
0.504976 0.614951 
0.587985 0.550870 
0.347574 0.672026 
0.783056 0.029112 
0.046726 0.759835 
0.889445 0.468010 
0.035135 0.564935 
0.829607 0.162870 
0.859296 0.082554 
0.205821 0.302404 
0.919771 0.147453 
0.613628 0.180649 
0.858574 0.849854 
0.030680 0.403278 
0.267542 0.488128 
0.270493 0.856847 
0.035135 0.564935 
0.829607 0.162870 
0.859296 0.082554 
0.205821 0.302404 
0.919771 0.147453 
0.613628 0.180649 
0.858574 0.849854 
0.030680 0.403278 
0.267542 0.488128 
0.270493 0.856847 
0.258790 0.763498 
0.526468 0.936705 
0.989919 0.322261 
0.033829 0.948834 
0.342158 0.957793 
0.920179 0.134445 
0.435490 0.002109 
0.287372 0.256604 
0.666986 0.270457 
0.615213 0.512501 
0.258790 0.763498 
0.526468 0.936705 
0.989919 0.322261 
0.033829 0.948834 
0.342158 0.957793 
0.920179 0.134445 
0.435490 0.002109 
0.287372 0.256604 
0.666986 0.270457 
0.615213 0.512501 
0.103232 0.905949 
0.541913 0.261489 
0.418891 0.915181 
0.835868 0.091348 
0.282072 0.977922 
0.659579 0.827050 
0.536837 0.862685 
0.818869 0.712617 
0.002677 0.530402 
0.371571 0.905016 
0.103232 0.905949 
0.541913 0.261489 
0.418891 0.915181 
0.835868 0.091348 
0.282072 0.977922 
0.659579 0.827050 
0.536837 0.862685 
0.818869 0.712617 
0.002677 0.530402 
0.371571 0.905016 
0.194555 0.168076 
0.987551 0.450729 
0.731088 0.571199 
0.133928 0.873407 
0.661120 0.776802 
0.510171 0.371552 
0.692225 0.134161 
0.912868 0.933288 
0.059927 0.907744 
0.228558 0.686351 
0.194555 0.168076 
0.987551 0.450729 
0.731088 0.571199 
0.133928 0.873407 
0.661120 0.776802 
0.510171 0.371552 
0.692225 0.134161 
0.912868 0.933288 
0.059927 0.907744 
0.228558 0.686351 
0.213816 0.976110 
0.687609 0.931122 
0.640432 0.061414 
0.203838 0.010052 
0.407130 0.759517 
0.509373 0.408726 
0.613556 0.015521 
0.939596 0.425685 
0.085791 0.715684 
0.220236 0.583504 
0.213816 0.976110 
0.687609 0.931122 
0.640432 0.061414 
0.203838 0.010052 
0.407130 0.759517 
0.509373 0.408726 
0.613556 0.015521 
0.939596 0.425685 
0.085791 0.715684 
0.220236 0.583504 
0.808641 0.159627 
0.609693 0.693515 
0.082652 0.063600 
0.091105 0.168952 
0.579991 0.911205 
0.680758 0.092184 
0.239971 0.871977 
0.134214 0.716980 
0.826654 0.212208 
0.051624 0.795715 
0.808641 0.159627 
0.609693 0.693515 
0.082652 0.063600 
0.091105 0.168952 
0.579991 0.911205 
0.680758 0.092184 
0.239971 0.871977 
0.134214 0.716980 
0.826654 0.212208 
0.051624 0.795715 

7486.000000 10048.000000 
7540.000000 10030.000000 
7767.000000 10023.000000 
7687.000000 10028.000000 
7675.000000 10029.000000 
7732.000000 10025.000000 
7775.000000 10021.000000 
7804.000000 10007.000000 
7821.000000 10005.000000 
7976.000000 9999.000000 
8055.000000 9985.000000 
8059.000000 9978.000000 
8072.000000 9964.000000 
8087.000000 9962.000000 
8071.000000 9975.000000 
8155.000000 9950.000000 
8113.000000 9960.000000 
8145.000000 9956.000000 
8206.000000 9945.000000 
8258.000000 9920.000000 
8238.000000 9928.000000 
8244.000000 9924.000000 
8267.000000 9919.000000 
8350.000000 9877.000000 
8360.000000 9871.000000 
8315.000000 9892.000000 
8340.000000 9884.000000 
8422.000000 9833.000000 
8420.000000 9834.000000 
8407.000000 9854.000000 
8511.000000 9788.000000 
8488.000000 9827.000000 
8611.000000 9760.000000 
8615.000000 9750.000000 
8618.000000 9739.000000 
8639.000000 9738.000000 
8646.000000 9713.000000 
8702.000000 9697.000000 
8773.000000 9678.000000 
8792.000000 9652.000000 
8774.000000 9667.000000 
8842.000000 9622.000000 
8847.000000 9609.000000 
8894.000000 9576.000000 
8887.000000 9608.000000 
8901.000000 9564.000000 
8939.000000 9563.000000 
8976.000000 9531.000000 
8993.000000 9529.000000 
8955.000000 9550.000000 
8972.000000 9541.000000 
8963.000000 9548.000000 
9018.000000 9464.000000 
9050.000000 9437.000000 
8998.000000 9499.000000 
9015.000000 9475.000000 
9008.000000 9498.000000 
9071.000000 9411.000000 
9091.000000 9390.000000 
9108.000000 9355.000000 
9125.000000 9353.000000 
9180.000000 9324.000000 
9161.000000 9350.000000 

8017.000000 9942.000000 
8041.000000 9924.000000 

8029.000000 9966.000000 
8020.000000 9973.000000 
8185.000000 9958.000000 
8222.000000 9940.000000 
8230.000000 9927.000000 
8292.000000 9925.000000 
8302.000000 9919.000000 
8308.000000 9907.000000 
8313.000000 9906.000000 
8347.000000 9895.000000 
8342.000000 9902.000000 
8384.000000 9886.000000 
8470.000000 9820.000000 
8439.000000 9845.000000 
8408.000000 9862.000000 
8528.000000 9808.000000 
8566.000000 9787.000000 
8586.000000 9774.000000 
8535.000000 9801.000000 
8558.000000 9791.000000 
8631.000000 9734.000000 
8633.000000 9719.000000 
8610.000000 9766.000000 
8624.000000 9748.000000 
8627.000000 9736.000000 
8679.000000 9716.000000 
8704.000000 9699.000000 
8731.000000 9697.000000 
8746.000000 9690.000000 
8762.000000 9680.000000 
8769.000000 9676.000000 
8787.000000 9672.000000 
8858.000000 9642.000000 
8868.000000 9640.000000 
8855.000000 9662.000000 
8876.000000 9627.000000 
8875.000000 9638.000000 
8959.000000 9535.000000 
8970.000000 9522.000000 
9043.000000 9454.000000 
9067.000000 9443.000000 
9031.000000 9479.000000 
9026.000000 9484.000000 
9079.000000 9432.000000 
9111.000000 9400.000000 
9104.000000 9402.000000 
9084.000000 9410.000000 
9094.000000 9408.000000 
9098.000000 9403.000000 
9162.000000 9355.000000 
9148.000000 9392.000000 
9170.000000 9351.000000 
9161.000000 9360.000000 
9187.000000 9346.000000 
9207.000000 9327.000000 
9208.000000 9326.000000 
9197.000000 9344.000000 
9199.000000 9342.000000 
9234.000000 9311.000000 
9206.000000 9340.000000 
9238.000000 9289.000000 
9276.000000 9225.000000 
9240.000000 9252.000000 
9251.000000 9235.000000 
