
0.908796 0.607325 
0.678658 0.848742 
0.358313 0.349560 
0.314602 0.775667 
0.745137 0.062802 
0.050915 0.294459 
0.354738 0.131767 
0.402142 0.677426 
0.653437 0.543688 
0.926414 0.093534 
0.908796 0.607325 
0.678658 0.848742 
0.358313 0.349560 
0.314602 0.775667 
0.745137 0.062802 
0.050915 0.294459 
0.354738 0.131767 
0.402142 0.677426 
0.653437 0.543688 
0.926414 0.093534 
0.905414 0.777343 
0.855585 0.267742 
0.076555 0.079865 
0.322405 0.482680 
0.711572 0.291519 
0.531166 0.388072 
0.064452 0.648973 
0.683264 0.370218 
0.063282 0.279099 
0.340419 0.822179 
0.905414 0.777343 
0.855585 0.267742 
0.076555 0.079865 
0.322405 0.482680 
0.711572 0.291519 
0.531166 0.388072 
0.064452 0.648973 
0.683264 0.370218 
0.063282 0.279099 
0.340419 0.822179 
0.618251 0.214690 
0.740510 0.614298 
0.322049 0.109092 
0.563477 0.564752 
0.933705 0.033653 
0.733375 0.745841 
0.659521 0.472397 
0.470319 0.032327 
0.228228 0.007696 
0.488880 0.959640 
0.618251 0.214690 
0.740510 0.614298 
0.322049 0.109092 
0.563477 0.564752 
0.933705 0.033653 
0.733375 0.745841 
0.659521 0.472397 
0.470319 0.032327 
0.228228 0.007696 
0.488880 0.959640 
0.563277 0.195026 
0.176288 0.729406 
0.850265 0.048428 
0.529331 0.296839 
0.726364 0.088455 
0.856935 0.655509 
0.348144 0.277386 
0.298347 0.335450 
0.349396 0.307909 
0.893948 0.797607 
0.563277 0.195026 
0.176288 0.729406 
0.850265 0.048428 
0.529331 0.296839 
0.726364 0.088455 
0.856935 0.655509 
0.348144 0.277386 
0.298347 0.335450 
0.349396 0.307909 
0.893948 0.797607 
0.697413 0.545834 
0.817830 0.008559 
0.510535 0.776077 
0.286336 0.737852 
0.185795 0.468246 
0.969899 0.642632 
0.888196 0.079829 
0.926123 0.342843 
0.075096 0.121523 
0.104854 0.070290 
0.697413 0.545834 
0.817830 0.008559 
0.510535 0.776077 
0.286336 0.737852 
0.185795 0.468246 
0.969899 0.642632 
0.888196 0.079829 
0.926123 0.342843 
0.075096 0.121523 
0.104854 0.070290 
0.886046 0.159562 
0.803497 0.714016 
0.433403 0.585291 
0.376276 0.642370 
0.515984 0.868510 
0.212958 0.590439 
0.329135 0.726165 
0.892107 0.821364 
0.160760 0.989791 
0.495439 0.373529 
0.886046 0.159562 
0.803497 0.714016 
0.433403 0.585291 
0.376276 0.642370 
0.515984 0.868510 
0.212958 0.590439 
0.329135 0.726165 
0.892107 0.821364 
0.160760 0.989791 
0.495439 0.373529 
0.094910 0.013818 
0.656985 0.539844 
0.358567 0.655947 
0.264816 0.143280 
0.004213 0.741865 
0.625233 0.034827 
0.015684 0.017137 
0.161252 0.892915 
0.580665 0.080953 
0.876821 0.548000 
0.094910 0.013818 
0.656985 0.539844 
0.358567 0.655947 
0.264816 0.143280 
0.004213 0.741865 
0.625233 0.034827 
0.015684 0.017137 
0.161252 0.892915 
0.580665 0.080953 
0.876821 0.548000 
0.178985 0.404243 
0.777569 0.451525 
0.528413 0.105525 
0.979627 0.019490 
0.855450 0.025643 
0.296597 0.987601 
0.043030 0.396587 
0.011076 0.984853 
0.101609 0.556030 
0.106575 0.973385 
0.178985 0.404243 
0.777569 0.451525 
0.528413 0.105525 
0.979627 0.019490 
0.855450 0.025643 
0.296597 0.987601 
0.043030 0.396587 
0.011076 0.984853 
0.101609 0.556030 
0.106575 0.973385 
0.179676 0.747505 
0.336844 0.385666 
0.423150 0.755339 
0.821640 0.368641 
0.686808 0.690708 
0.624962 0.358508 
0.243112 0.068457 
0.019254 0.169306 
0.840912 0.294295 
0.738609 0.303675 
0.179676 0.747505 
0.336844 0.385666 
0.423150 0.755339 
0.821640 0.368641 
0.686808 0.690708 
0.624962 0.358508 
0.243112 0.068457 
0.019254 0.169306 
0.840912 0.294295 
0.738609 0.303675 
0.070322 0.407115 
0.500769 0.063467 
0.222730 0.974517 
0.880868 0.039839 
0.477155 0.219908 
0.059653 0.493621 
0.103908 0.594001 
0.857593 0.274145 
0.320324 0.717495 
0.761141 0.364001 
0.070322 0.407115 
0.500769 0.063467 
0.222730 0.974517 
0.880868 0.039839 
0.477155 0.219908 
0.059653 0.493621 
0.103908 0.594001 
0.857593 0.274145 
0.320324 0.717495 
0.761141 0.364001 
0.102876 0.882787 
0.609713 0.589913 
0.983758 0.553794 
0.515748 0.915160 
0.372873 0.968826 
0.580616 0.760197 
0.145459 0.169581 
0.284811 0.833499 
0.545067 0.947219 
0.775431 0.447672 
0.102876 0.882787 
0.609713 0.589913 
0.983758 0.553794 
0.515748 0.915160 
0.372873 0.968826 
0.580616 0.760197 
0.145459 0.169581 
0.284811 0.833499 
0.545067 0.947219 
0.775431 0.447672 
0.391874 0.540224 
0.232951 0.188800 
0.055919 0.924445 
0.831658 0.984299 
0.553574 0.404775 
0.392587 0.234200 
0.860934 0.490004 
0.232653 0.502173 
0.737587 0.913512 
0.013607 0.202474 
0.391874 0.540224 
0.232951 0.188800 
0.055919 0.924445 
0.831658 0.984299 
0.553574 0.404775 
0.392587 0.234200 
0.860934 0.490004 
0.232653 0.502173 
0.737587 0.913512 
0.013607 0.202474 
0.987985 0.522132 
0.475744 0.814103 
0.017919 0.639009 
0.233902 0.117477 
0.840423 0.934649 
0.277286 0.302530 
0.484758 0.119464 
0.105817 0.278573 
0.970003 0.754408 
0.883430 0.306195 
0.987985 0.522132 
0.475744 0.814103 
0.017919 0.639009 
0.233902 0.117477 
0.840423 0.934649 
0.277286 0.302530 
0.484758 0.119464 
0.105817 0.278573 
0.970003 0.754408 
0.883430 0.306195 
0.506269 0.196288 
0.047980 0.017924 
0.481269 0.189863 
0.320509 0.389141 
0.028172 0.019503 
0.725600 0.214211 
0.758430 0.715267 
0.448072 0.937713 
0.071259 0.529831 
0.655541 0.651260 
0.506269 0.196288 
0.047980 0.017924 
0.481269 0.189863 
0.320509 0.389141 
0.028172 0.019503 
0.725600 0.214211 
0.758430 0.715267 
0.448072 0.937713 
0.071259 0.529831 
0.655541 0.651260 
0.807093 0.736071 
0.933462 0.644239 
0.450563 0.319562 
0.106676 0.445020 
0.675523 0.391538 
0.782421 0.000850 
0.467982 0.666144 
0.909526 0.674943 
0.016276 0.025416 
0.453711 0.818276 
0.807093 0.736071 
0.933462 0.644239 
0.450563 0.319562 
0.106676 0.445020 
0.675523 0.391538 
0.782421 0.000850 
0.467982 0.666144 
0.909526 0.674943 
0.016276 0.025416 
0.453711 0.818276 
0.041549 0.680884 
0.070039 0.750634 
0.374614 0.567465 
0.605340 0.876514 
0.219056 0.880978 
0.746348 0.714750 
0.733077 0.166304 
0.344116 0.521036 
0.352528 0.333201 
0.173517 0.031840 
0.041549 0.680884 
0.070039 0.750634 
0.374614 0.567465 
0.605340 0.876514 
0.219056 0.880978 
0.746348 0.714750 
0.733077 0.166304 
0.344116 0.521036 
0.352528 0.333201 
0.173517 0.031840 
0.430225 0.349957 
0.455761 0.270061 
0.415812 0.268577 
0.881758 0.200992 
0.142576 0.552005 
0.453262 0.853417 
0.000847 0.813586 
0.046206 0.164808 
0.612620 0.079323 
0.719341 0.325785 
0.430225 0.349957 
0.455761 0.270061 
0.415812 0.268577 
0.881758 0.200992 
0.142576 0.552005 
0.453262 0.853417 
0.000847 0.813586 
0.046206 0.164808 
0.612620 0.079323 
0.719341 0.325785 
0.580060 0.934894 
0.419496 0.231058 
0.621074 0.032345 
0.223680 0.854032 
0.002626 0.601040 
0.687270 0.670486 
0.981527 0.332740 
0.325352 0.001596 
0.940555 0.340465 
0.171326 0.182858 
0.580060 0.934894 
0.419496 0.231058 
0.621074 0.032345 
0.223680 0.854032 
0.002626 0.601040 
0.687270 0.670486 
0.981527 0.332740 
0.325352 0.001596 
0.940555 0.340465 
0.171326 0.182858 
0.037154 0.248302 
0.918298 0.034773 
0.660523 0.964372 
0.995927 0.362399 
0.504976 0.614951 
0.587985 0.550870 
0.347574 0.672026 
0.783056 0.029112 
0.046726 0.759835 
0.889445 0.468010 
0.037154 0.248302 
0.918298 0.034773 
0.660523 0.964372 
0.995927 0.362399 
0.504976 0.614951 
0.587985 0.550870 
0.347574 0.672026 
0.783056 0.029112 
0.046726 0.759835 
0.889445 0.468010 
0.035135 0.564935 
0.829607 0.162870 
0.859296 0.082554 
0.205821 0.302404 
0.919771 0.147453 
0.613628 0.180649 
0.858574 0.849854 
0.030680 0.403278 
0.267542 0.488128 
0.270493 0.856847 
0.035135 0.564935 
0.829607 0.162870 
0.859296 0.082554 
0.205821 0.302404 
0.919771 0.147453 
0.613628 0.180649 
0.858574 0.849854 
0.030680 0.403278 
0.267542 0.488128 
0.270493 0.856847 
0.258790 0.763498 
0.526468 0.936705 
0.989919 0.322261 
0.033829 0.948834 
0.342158 0.957793 
0.920179 0.134445 
0.435490 0.002109 
0.287372 0.256604 
0.666986 0.270457 
0.615213 0.512501 
0.258790 0.763498 
0.526468 0.936705 
0.989919 0.322261 
0.033829 0.948834 
0.342158 0.957793 
0.920179 0.134445 
0.435490 0.002109 
0.287372 0.256604 
0.666986 0.270457 
0.615213 0.512501 
0.103232 0.905949 
0.541913 0.261489 
0.418891 0.915181 
0.835868 0.091348 
0.282072 0.977922 
0.659579 0.827050 
0.536837 0.862685 
0.818869 0.712617 
0.002677 0.530402 
0.371571 0.905016 
0.103232 0.905949 
0.541913 0.261489 
0.418891 0.915181 
0.835868 0.091348 
0.282072 0.977922 
0.659579 0.827050 
0.536837 0.862685 
0.818869 0.712617 
0.002677 0.530402 
0.371571 0.905016 
0.194555 0.168076 
0.987551 0.450729 
0.731088 0.571199 
0.133928 0.873407 
0.661120 0.776802 
0.510171 0.371552 
0.692225 0.134161 
0.912868 0.933288 
0.059927 0.907744 
0.228558 0.686351 
0.194555 0.168076 
0.987551 0.450729 
0.731088 0.571199 
0.133928 0.873407 
0.661120 0.776802 
0.510171 0.371552 
0.692225 0.134161 
0.912868 0.933288 
0.059927 0.907744 
0.228558 0.686351 
0.213816 0.976110 
0.687609 0.931122 
0.640432 0.061414 
0.203838 0.010052 
0.407130 0.759517 
0.509373 0.408726 
0.613556 0.015521 
0.939596 0.425685 
0.085791 0.715684 
0.220236 0.583504 
0.213816 0.976110 
0.687609 0.931122 
0.640432 0.061414 
0.203838 0.010052 
0.407130 0.759517 
0.509373 0.408726 
0.613556 0.015521 
0.939596 0.425685 
0.085791 0.715684 
0.220236 0.583504 
0.808641 0.159627 
0.609693 0.693515 
0.082652 0.063600 
0.091105 0.168952 
0.579991 0.911205 
0.680758 0.092184 
0.239971 0.871977 
0.134214 0.716980 
0.826654 0.212208 
0.051624 0.795715 
0.808641 0.159627 
0.609693 0.693515 
0.082652 0.063600 
0.091105 0.168952 
0.579991 0.911205 
0.680758 0.092184 
0.239971 0.871977 
0.134214 0.716980 
0.826654 0.212208 
0.051624 0.795715 
