# Enhanced MHRE Results for 250.2.txt
# Items: 250, Objectives: 2
# Agents: 8
# Run 1
7325.000000 10010.000000 
7442.000000 10001.000000 
7469.000000 9997.000000 
7507.000000 9995.000000 
7657.000000 9993.000000 
7707.000000 9982.000000 
9012.000000 8348.000000 
9369.000000 8291.000000 
9390.000000 8254.000000 
9772.000000 8122.000000 
9763.000000 8133.000000 
9753.000000 8205.000000 
9761.000000 8153.000000 
9787.000000 8060.000000 
9757.000000 8176.000000 
9774.000000 8091.000000 
9748.000000 8250.000000 
9768.000000 8129.000000 

# Run 2
7730.000000 10011.000000 
7701.000000 10023.000000 
7798.000000 10007.000000 
7854.000000 9981.000000 
7849.000000 9982.000000 
7843.000000 9992.000000 
7923.000000 9979.000000 
8049.000000 9951.000000 
8011.000000 9960.000000 
8067.000000 9936.000000 
8074.000000 9934.000000 
8072.000000 9935.000000 
8085.000000 9931.000000 
8079.000000 9933.000000 
8105.000000 9930.000000 
8156.000000 9897.000000 
8140.000000 9909.000000 
8352.000000 9805.000000 
8349.000000 9806.000000 
8339.000000 9842.000000 
8345.000000 9829.000000 
8489.000000 9801.000000 
8488.000000 9804.000000 
8519.000000 9796.000000 
8520.000000 9779.000000 
8557.000000 9748.000000 
8782.000000 9658.000000 
8860.000000 9593.000000 
8838.000000 9625.000000 
8852.000000 9610.000000 
8813.000000 9641.000000 
8803.000000 9654.000000 
8764.000000 9673.000000 
8887.000000 9591.000000 
8905.000000 9570.000000 
8908.000000 9528.000000 
8934.000000 9519.000000 
8959.000000 9497.000000 
8957.000000 9506.000000 
9033.000000 9460.000000 
8998.000000 9468.000000 
8993.000000 9493.000000 
8995.000000 9481.000000 
9100.000000 9451.000000 
9128.000000 9416.000000 
9142.000000 9388.000000 
9141.000000 9413.000000 
9172.000000 9352.000000 
9159.000000 9374.000000 
9198.000000 9339.000000 
9206.000000 9304.000000 
9201.000000 9316.000000 
9254.000000 9248.000000 
9223.000000 9271.000000 
9210.000000 9293.000000 
9270.000000 9219.000000 
9286.000000 9190.000000 
9275.000000 9198.000000 
9319.000000 9160.000000 
9309.000000 9180.000000 
9280.000000 9196.000000 
9365.000000 9098.000000 
9431.000000 9039.000000 
9387.000000 9057.000000 
9377.000000 9092.000000 
9380.000000 9079.000000 
9367.000000 9096.000000 
9442.000000 9017.000000 
9457.000000 8991.000000 
9464.000000 8970.000000 
9471.000000 8939.000000 
9470.000000 8967.000000 
9478.000000 8910.000000 
9539.000000 8888.000000 
9571.000000 8796.000000 
9563.000000 8825.000000 
9554.000000 8835.000000 
9561.000000 8827.000000 
9566.000000 8806.000000 
9575.000000 8768.000000 
9589.000000 8740.000000 
9611.000000 8699.000000 
9629.000000 8675.000000 
9672.000000 8640.000000 
9681.000000 8576.000000 
9698.000000 8470.000000 
9706.000000 8467.000000 
9725.000000 8334.000000 
9707.000000 8373.000000 
9724.000000 8372.000000 
9747.000000 8222.000000 
9746.000000 8281.000000 
9741.000000 8311.000000 
9740.000000 8314.000000 
9759.000000 8156.000000 
9764.000000 8088.000000 
9771.000000 7978.000000 
9766.000000 8076.000000 
9751.000000 8211.000000 

# Run 3
7425.000000 9971.000000 
7492.000000 9970.000000 
7785.000000 9958.000000 
7822.000000 9957.000000 
7880.000000 9944.000000 
8181.000000 9884.000000 
8027.000000 9911.000000 
8006.000000 9923.000000 
7991.000000 9937.000000 
8110.000000 9900.000000 
8091.000000 9901.000000 
8197.000000 9845.000000 
8260.000000 9834.000000 
8222.000000 9844.000000 
8184.000000 9861.000000 
8191.000000 9846.000000 
8231.000000 9842.000000 
8261.000000 9833.000000 
8302.000000 9817.000000 
8328.000000 9810.000000 
8356.000000 9773.000000 
8539.000000 9760.000000 
8556.000000 9739.000000 
8576.000000 9726.000000 
8605.000000 9701.000000 
8601.000000 9720.000000 
8594.000000 9722.000000 
8660.000000 9696.000000 
8711.000000 9669.000000 
8666.000000 9688.000000 
8718.000000 9646.000000 
8827.000000 9641.000000 
8846.000000 9628.000000 
8837.000000 9636.000000 
8858.000000 9626.000000 
8889.000000 9596.000000 
8917.000000 9566.000000 
8940.000000 9546.000000 
8941.000000 9519.000000 
8975.000000 9508.000000 
8935.000000 9553.000000 
8954.000000 9518.000000 
8974.000000 9517.000000 
8988.000000 9484.000000 
9048.000000 9431.000000 
9026.000000 9470.000000 
9059.000000 9409.000000 
9052.000000 9412.000000 
9072.000000 9392.000000 
9075.000000 9380.000000 
9115.000000 9359.000000 
9154.000000 9300.000000 
9147.000000 9319.000000 
9138.000000 9327.000000 
9231.000000 9248.000000 
9253.000000 9215.000000 
9236.000000 9236.000000 
9226.000000 9271.000000 
9248.000000 9218.000000 
9287.000000 9132.000000 
9282.000000 9159.000000 
9263.000000 9182.000000 
9272.000000 9171.000000 
9311.000000 9096.000000 
9306.000000 9100.000000 
9302.000000 9119.000000 
9334.000000 9093.000000 
9341.000000 9048.000000 
9337.000000 9073.000000 
9366.000000 9031.000000 
9403.000000 9015.000000 
9441.000000 8965.000000 
9443.000000 8935.000000 
9462.000000 8929.000000 
9472.000000 8912.000000 
9490.000000 8879.000000 
9551.000000 8828.000000 
9547.000000 8842.000000 
9573.000000 8784.000000 
9565.000000 8804.000000 
9559.000000 8810.000000 
9582.000000 8740.000000 
9586.000000 8716.000000 
9581.000000 8751.000000 
9614.000000 8624.000000 
9612.000000 8669.000000 
9603.000000 8680.000000 
9638.000000 8615.000000 
9655.000000 8574.000000 
9604.000000 8677.000000 
9598.000000 8711.000000 
9645.000000 8596.000000 
9661.000000 8518.000000 
9670.000000 8499.000000 
9727.000000 8359.000000 
9751.000000 8302.000000 
9757.000000 8252.000000 
9752.000000 8266.000000 
9704.000000 8377.000000 
9698.000000 8429.000000 
9731.000000 8336.000000 

# Run 1
7613.000000 10000.000000 
7691.000000 9972.000000 
7696.000000 9963.000000 
7746.000000 9955.000000 
7843.000000 9949.000000 
7783.000000 9950.000000 
7849.000000 9948.000000 
7856.000000 9946.000000 
7999.000000 9919.000000 
7985.000000 9921.000000 
7970.000000 9934.000000 
8010.000000 9918.000000 
8081.000000 9905.000000 
8335.000000 9877.000000 
8371.000000 9867.000000 
8368.000000 9875.000000 
8323.000000 9899.000000 
8398.000000 9854.000000 
8328.000000 9878.000000 
8454.000000 9829.000000 
8446.000000 9840.000000 
8477.000000 9828.000000 
8447.000000 9836.000000 
8496.000000 9816.000000 
8522.000000 9798.000000 
8506.000000 9807.000000 
8516.000000 9800.000000 
8504.000000 9815.000000 
8527.000000 9797.000000 
8586.000000 9773.000000 
8557.000000 9796.000000 
8675.000000 9715.000000 
8656.000000 9744.000000 
8650.000000 9762.000000 
8669.000000 9728.000000 
8732.000000 9675.000000 
8798.000000 9626.000000 
8807.000000 9604.000000 
8837.000000 9600.000000 
8855.000000 9585.000000 
8754.000000 9658.000000 
8885.000000 9508.000000 
8901.000000 9476.000000 
9040.000000 9383.000000 
9043.000000 9378.000000 
9065.000000 9372.000000 
9038.000000 9399.000000 
9147.000000 9343.000000 
9132.000000 9345.000000 
9126.000000 9353.000000 
8904.000000 9428.000000 
9160.000000 9263.000000 
9176.000000 9247.000000 
9192.000000 9237.000000 
9207.000000 9224.000000 
9214.000000 9217.000000 
9217.000000 9201.000000 
9246.000000 9195.000000 
9257.000000 9178.000000 
9249.000000 9179.000000 
9299.000000 9166.000000 
9274.000000 9175.000000 
9285.000000 9171.000000 
9321.000000 9156.000000 
9342.000000 9122.000000 
9383.000000 8991.000000 
9382.000000 9017.000000 
9365.000000 9069.000000 
9459.000000 8924.000000 
9440.000000 8969.000000 
9450.000000 8956.000000 
9526.000000 8879.000000 
9498.000000 8910.000000 
9544.000000 8815.000000 
9552.000000 8797.000000 
9548.000000 8802.000000 
9557.000000 8784.000000 
9499.000000 8908.000000 
9558.000000 8726.000000 
9573.000000 8668.000000 
9572.000000 8707.000000 
9633.000000 8593.000000 
9618.000000 8663.000000 
9625.000000 8610.000000 
9656.000000 8573.000000 
9663.000000 8555.000000 
9684.000000 8528.000000 
9662.000000 8558.000000 
9703.000000 8494.000000 
9681.000000 8551.000000 
9727.000000 8411.000000 
9736.000000 8359.000000 
9748.000000 8342.000000 
9734.000000 8401.000000 
9688.000000 8504.000000 
9711.000000 8413.000000 
9750.000000 8223.000000 
9757.000000 8156.000000 
9749.000000 8255.000000 
9760.000000 8152.000000 
9774.000000 8096.000000 
9756.000000 8190.000000 
9762.000000 8111.000000 

# Run 2
7472.000000 10021.000000 
7418.000000 10026.000000 
7552.000000 10013.000000 
7703.000000 10010.000000 
7739.000000 10001.000000 
7872.000000 9981.000000 
8079.000000 9966.000000 
8037.000000 9979.000000 
8126.000000 9939.000000 
8135.000000 9922.000000 
8175.000000 9914.000000 
8189.000000 9910.000000 
8217.000000 9908.000000 
8288.000000 9891.000000 
8249.000000 9901.000000 
8307.000000 9876.000000 
8264.000000 9895.000000 
8428.000000 9802.000000 
8403.000000 9808.000000 
8492.000000 9782.000000 
8520.000000 9780.000000 
8592.000000 9742.000000 
8559.000000 9750.000000 
8554.000000 9762.000000 
8613.000000 9741.000000 
8619.000000 9712.000000 
8618.000000 9736.000000 
8646.000000 9706.000000 
8691.000000 9695.000000 
8674.000000 9703.000000 
8745.000000 9671.000000 
8713.000000 9681.000000 
8752.000000 9665.000000 
8760.000000 9657.000000 
8831.000000 9623.000000 
8837.000000 9584.000000 
8899.000000 9580.000000 
8904.000000 9546.000000 
8951.000000 9522.000000 
8971.000000 9514.000000 
8990.000000 9493.000000 
8982.000000 9503.000000 
8946.000000 9539.000000 
9003.000000 9470.000000 
8992.000000 9473.000000 
8991.000000 9477.000000 
9070.000000 9387.000000 
9084.000000 9383.000000 
9103.000000 9377.000000 
9069.000000 9412.000000 
9158.000000 9316.000000 
9123.000000 9337.000000 
9163.000000 9260.000000 
9136.000000 9329.000000 
9258.000000 9167.000000 
9268.000000 9122.000000 
9239.000000 9170.000000 
9231.000000 9174.000000 
9309.000000 9117.000000 
9265.000000 9138.000000 
9344.000000 9097.000000 
9398.000000 9028.000000 
9432.000000 9008.000000 
9449.000000 9002.000000 
9426.000000 9026.000000 
9473.000000 8948.000000 
9468.000000 8959.000000 
9463.000000 8970.000000 
9477.000000 8911.000000 
9483.000000 8889.000000 
9528.000000 8845.000000 
9506.000000 8880.000000 
9549.000000 8791.000000 
9581.000000 8739.000000 
9586.000000 8737.000000 
9574.000000 8777.000000 
9598.000000 8693.000000 
9600.000000 8677.000000 
9618.000000 8658.000000 
9638.000000 8617.000000 
9641.000000 8602.000000 
9642.000000 8598.000000 
9635.000000 8638.000000 
9636.000000 8620.000000 
9667.000000 8574.000000 
9654.000000 8578.000000 
9660.000000 8577.000000 
9674.000000 8542.000000 
9707.000000 8482.000000 
9690.000000 8513.000000 
9681.000000 8524.000000 
9725.000000 8353.000000 
9719.000000 8380.000000 
9716.000000 8427.000000 
9730.000000 8300.000000 
9729.000000 8329.000000 
9738.000000 8279.000000 
9747.000000 8129.000000 
9746.000000 8168.000000 
9752.000000 8124.000000 
9754.000000 8091.000000 
9761.000000 8081.000000 
9762.000000 8054.000000 
9778.000000 7985.000000 
9777.000000 8024.000000 
9770.000000 8052.000000 
9787.000000 7983.000000 
9771.000000 8031.000000 

# Run 3
7517.000000 10010.000000 
7737.000000 10004.000000 
7906.000000 9980.000000 
7837.000000 9981.000000 
7991.000000 9967.000000 
8049.000000 9953.000000 
8051.000000 9940.000000 
8172.000000 9939.000000 
8183.000000 9936.000000 
8198.000000 9928.000000 
8216.000000 9927.000000 
8250.000000 9911.000000 
8315.000000 9882.000000 
8260.000000 9898.000000 
8292.000000 9895.000000 
8342.000000 9854.000000 
8347.000000 9853.000000 
8325.000000 9861.000000 
8340.000000 9859.000000 
8376.000000 9833.000000 
8387.000000 9830.000000 
8413.000000 9821.000000 
8454.000000 9818.000000 
8465.000000 9815.000000 
8467.000000 9793.000000 
8480.000000 9773.000000 
8470.000000 9777.000000 
8620.000000 9771.000000 
8637.000000 9766.000000 
8665.000000 9748.000000 
8656.000000 9749.000000 
8641.000000 9759.000000 
8651.000000 9753.000000 
8694.000000 9725.000000 
8666.000000 9728.000000 
8750.000000 9682.000000 
8752.000000 9672.000000 
8716.000000 9723.000000 
8753.000000 9661.000000 
8739.000000 9696.000000 
8801.000000 9657.000000 
8806.000000 9597.000000 
8907.000000 9550.000000 
8881.000000 9568.000000 
8872.000000 9588.000000 
8909.000000 9523.000000 
8904.000000 9553.000000 
8945.000000 9505.000000 
8967.000000 9492.000000 
8996.000000 9471.000000 
8984.000000 9473.000000 
9017.000000 9444.000000 
9004.000000 9450.000000 
9033.000000 9443.000000 
9094.000000 9391.000000 
9064.000000 9431.000000 
9114.000000 9382.000000 
9171.000000 9278.000000 
9190.000000 9263.000000 
9177.000000 9277.000000 
9234.000000 9223.000000 
9248.000000 9219.000000 
9275.000000 9195.000000 
9279.000000 9167.000000 
9281.000000 9163.000000 
9295.000000 9158.000000 
9277.000000 9168.000000 
9325.000000 9151.000000 
9349.000000 9055.000000 
9343.000000 9080.000000 
9392.000000 9014.000000 
9375.000000 9036.000000 
9457.000000 8931.000000 
9452.000000 8948.000000 
9477.000000 8923.000000 
9480.000000 8902.000000 
9490.000000 8879.000000 
9524.000000 8791.000000 
9517.000000 8827.000000 
9511.000000 8862.000000 
9409.000000 8991.000000 
9419.000000 8974.000000 
9482.000000 8901.000000 
9406.000000 8996.000000 
9483.000000 8885.000000 
9529.000000 8693.000000 
9526.000000 8741.000000 
9582.000000 8603.000000 
9558.000000 8679.000000 
9595.000000 8519.000000 
9605.000000 8480.000000 
9624.000000 8441.000000 
9699.000000 8378.000000 
9706.000000 8338.000000 
9696.000000 8400.000000 
9707.000000 8320.000000 
9711.000000 8290.000000 
9708.000000 8316.000000 

# Run 1
7544.000000 9969.000000 
7670.000000 9966.000000 
7716.000000 9962.000000 
7825.000000 9954.000000 
7830.000000 9946.000000 
7829.000000 9951.000000 
7861.000000 9942.000000 
8027.000000 9934.000000 
8077.000000 9923.000000 
8102.000000 9906.000000 
8254.000000 9896.000000 
8313.000000 9885.000000 
8247.000000 9903.000000 
8272.000000 9886.000000 
8352.000000 9864.000000 
8359.000000 9857.000000 
8363.000000 9838.000000 
8414.000000 9825.000000 
8388.000000 9832.000000 
8335.000000 9868.000000 
8407.000000 9830.000000 
8426.000000 9786.000000 
8423.000000 9787.000000 
8418.000000 9793.000000 
8416.000000 9802.000000 
8446.000000 9774.000000 
8436.000000 9783.000000 
8615.000000 9728.000000 
8695.000000 9711.000000 
8718.000000 9705.000000 
8743.000000 9688.000000 
8803.000000 9670.000000 
8812.000000 9616.000000 
8851.000000 9600.000000 
8849.000000 9612.000000 
8872.000000 9572.000000 
8909.000000 9555.000000 
8920.000000 9508.000000 
8873.000000 9563.000000 
8912.000000 9529.000000 
9019.000000 9441.000000 
9053.000000 9419.000000 
9058.000000 9405.000000 
9131.000000 9345.000000 
9120.000000 9375.000000 
9158.000000 9328.000000 
9211.000000 9258.000000 
9221.000000 9239.000000 
9231.000000 9235.000000 
9259.000000 9197.000000 
9279.000000 9171.000000 
9267.000000 9182.000000 
9273.000000 9176.000000 
9329.000000 9152.000000 
9345.000000 9124.000000 
9361.000000 9107.000000 
9404.000000 9078.000000 
9427.000000 9048.000000 
9437.000000 9017.000000 
9441.000000 9012.000000 
9475.000000 8996.000000 
9496.000000 8927.000000 
9507.000000 8920.000000 
9478.000000 8967.000000 
9488.000000 8950.000000 
9531.000000 8883.000000 
9517.000000 8919.000000 
9522.000000 8904.000000 
9523.000000 8898.000000 
9562.000000 8881.000000 
9571.000000 8870.000000 
9595.000000 8795.000000 
9583.000000 8815.000000 
9599.000000 8767.000000 
9604.000000 8746.000000 
9580.000000 8855.000000 
9621.000000 8672.000000 
9607.000000 8717.000000 
9670.000000 8479.000000 
9657.000000 8541.000000 
9648.000000 8629.000000 
9652.000000 8576.000000 
9744.000000 8306.000000 
9714.000000 8442.000000 
9730.000000 8361.000000 
9741.000000 8318.000000 
9751.000000 8198.000000 

# Run 2
7819.000000 9980.000000 
7860.000000 9971.000000 
7856.000000 9974.000000 
7797.000000 9988.000000 
7905.000000 9968.000000 
7946.000000 9967.000000 
8035.000000 9947.000000 
7976.000000 9961.000000 
8233.000000 9903.000000 
8243.000000 9901.000000 
8266.000000 9891.000000 
8302.000000 9889.000000 
8232.000000 9924.000000 
8280.000000 9890.000000 
8351.000000 9881.000000 
8374.000000 9866.000000 
8400.000000 9852.000000 
8418.000000 9825.000000 
8429.000000 9816.000000 
8501.000000 9814.000000 
8511.000000 9801.000000 
8554.000000 9782.000000 
8592.000000 9761.000000 
8583.000000 9779.000000 
8626.000000 9734.000000 
8593.000000 9754.000000 
8617.000000 9748.000000 
8649.000000 9728.000000 
8668.000000 9716.000000 
8624.000000 9745.000000 
8708.000000 9680.000000 
8690.000000 9693.000000 
8695.000000 9690.000000 
8696.000000 9686.000000 
8726.000000 9670.000000 
8758.000000 9666.000000 
8799.000000 9649.000000 
8787.000000 9659.000000 
8793.000000 9657.000000 
8784.000000 9660.000000 
8814.000000 9633.000000 
8831.000000 9626.000000 
8970.000000 9532.000000 
8935.000000 9570.000000 
9012.000000 9499.000000 
8999.000000 9521.000000 
9028.000000 9484.000000 
9046.000000 9470.000000 
9092.000000 9424.000000 
9081.000000 9439.000000 
9094.000000 9422.000000 
9103.000000 9417.000000 
9110.000000 9414.000000 
9160.000000 9312.000000 
9151.000000 9356.000000 
9191.000000 9297.000000 
9213.000000 9235.000000 
9226.000000 9197.000000 
9261.000000 9187.000000 
9297.000000 9124.000000 
9295.000000 9143.000000 
9286.000000 9174.000000 
9333.000000 9096.000000 
9334.000000 9067.000000 
9313.000000 9100.000000 
9366.000000 9048.000000 
9368.000000 9046.000000 
9443.000000 8940.000000 
9448.000000 8930.000000 
9493.000000 8858.000000 
9484.000000 8868.000000 
9457.000000 8917.000000 
9524.000000 8787.000000 
9511.000000 8809.000000 
9532.000000 8780.000000 
9568.000000 8685.000000 
9564.000000 8727.000000 
9548.000000 8755.000000 
9553.000000 8730.000000 
9552.000000 8752.000000 
9565.000000 8723.000000 
9590.000000 8670.000000 
9597.000000 8632.000000 
9616.000000 8599.000000 
9614.000000 8601.000000 
9640.000000 8559.000000 
9648.000000 8553.000000 
9663.000000 8524.000000 
9646.000000 8555.000000 
9681.000000 8507.000000 
9689.000000 8470.000000 
9718.000000 8356.000000 
9715.000000 8436.000000 
9712.000000 8458.000000 
9716.000000 8377.000000 
9739.000000 8328.000000 
9765.000000 8288.000000 
9774.000000 8261.000000 
9761.000000 8315.000000 
9772.000000 8285.000000 

# Run 3
7409.000000 10022.000000 
7351.000000 10035.000000 
7475.000000 10020.000000 
7454.000000 10021.000000 
7540.000000 10008.000000 
7594.000000 10006.000000 
7679.000000 10005.000000 
7687.000000 9991.000000 
7694.000000 9990.000000 
7747.000000 9976.000000 
7839.000000 9967.000000 
7918.000000 9953.000000 
7863.000000 9957.000000 
7983.000000 9936.000000 
7996.000000 9935.000000 
7980.000000 9943.000000 
7971.000000 9951.000000 
8030.000000 9927.000000 
8085.000000 9920.000000 
8112.000000 9909.000000 
8102.000000 9916.000000 
8216.000000 9900.000000 
8158.000000 9901.000000 
8228.000000 9870.000000 
8285.000000 9830.000000 
8383.000000 9825.000000 
8478.000000 9800.000000 
8453.000000 9817.000000 
8501.000000 9776.000000 
8530.000000 9775.000000 
8545.000000 9772.000000 
8565.000000 9769.000000 
8610.000000 9757.000000 
8653.000000 9689.000000 
8625.000000 9719.000000 
8689.000000 9659.000000 
8677.000000 9677.000000 
8725.000000 9650.000000 
8705.000000 9654.000000 
8819.000000 9618.000000 
8762.000000 9649.000000 
8807.000000 9621.000000 
8827.000000 9617.000000 
8831.000000 9570.000000 
8880.000000 9556.000000 
8902.000000 9548.000000 
8932.000000 9528.000000 
8904.000000 9539.000000 
8865.000000 9562.000000 
8945.000000 9512.000000 
8963.000000 9494.000000 
8955.000000 9511.000000 
8966.000000 9490.000000 
8961.000000 9499.000000 
9002.000000 9474.000000 
8998.000000 9486.000000 
9021.000000 9457.000000 
9034.000000 9421.000000 
9089.000000 9404.000000 
9111.000000 9362.000000 
9145.000000 9343.000000 
9182.000000 9317.000000 
9188.000000 9287.000000 
9131.000000 9346.000000 
9197.000000 9275.000000 
9258.000000 9210.000000 
9243.000000 9220.000000 
9234.000000 9267.000000 
9241.000000 9240.000000 
9313.000000 9137.000000 
9287.000000 9152.000000 
9282.000000 9182.000000 
9372.000000 9095.000000 
9359.000000 9113.000000 
9371.000000 9112.000000 
9401.000000 9080.000000 
9383.000000 9081.000000 
9412.000000 9033.000000 
9430.000000 9032.000000 
9408.000000 9072.000000 
9465.000000 8926.000000 
9460.000000 8933.000000 
9512.000000 8916.000000 
9514.000000 8912.000000 
9534.000000 8861.000000 
9549.000000 8831.000000 
9564.000000 8716.000000 
9558.000000 8755.000000 
9593.000000 8682.000000 
9617.000000 8619.000000 
9613.000000 8664.000000 
9616.000000 8657.000000 
9635.000000 8599.000000 
9641.000000 8598.000000 
9615.000000 8659.000000 
9627.000000 8612.000000 
9644.000000 8577.000000 
9680.000000 8538.000000 
9669.000000 8563.000000 
9744.000000 8321.000000 
9748.000000 8168.000000 
9678.000000 8541.000000 
9696.000000 8480.000000 
9700.000000 8466.000000 
9719.000000 8348.000000 


8609.000000 9666.000000 
8721.000000 9652.000000 
8681.000000 9662.000000 
8694.000000 9655.000000 
8736.000000 9638.000000 
8746.000000 9609.000000 
8792.000000 9605.000000 
8814.000000 9545.000000 
8834.000000 9539.000000 
8795.000000 9565.000000 
8835.000000 9501.000000 
8849.000000 9493.000000 
8890.000000 9479.000000 
9165.000000 9190.000000 
9159.000000 9195.000000 
9177.000000 9165.000000 
9192.000000 9144.000000 
9236.000000 9109.000000 
9199.000000 9139.000000 
9182.000000 9156.000000 
9256.000000 9098.000000 
9194.000000 9143.000000 
9214.000000 9135.000000 
9226.000000 9115.000000 
9257.000000 9057.000000 
9304.000000 9000.000000 
9381.000000 8879.000000 
8797.000000 9558.000000 
9258.000000 9009.000000 
9005.000000 9467.000000 
9073.000000 9378.000000 
9112.000000 9372.000000 
9104.000000 9374.000000 
9130.000000 9361.000000 
9058.000000 9421.000000 
9152.000000 9316.000000 
9309.000000 8959.000000 
9324.000000 8953.000000 
9373.000000 8928.000000 
9384.000000 8856.000000 
9392.000000 8854.000000 
9405.000000 8850.000000 
9378.000000 8887.000000 
9453.000000 8788.000000 
9437.000000 8801.000000 
9431.000000 8844.000000 
9498.000000 8787.000000 
9559.000000 8586.000000 
9505.000000 8777.000000 
9522.000000 8720.000000 
9555.000000 8600.000000 
9581.000000 8574.000000 
9588.000000 8556.000000 
9619.000000 8522.000000 
9534.000000 8688.000000 
9512.000000 8722.000000 
9547.000000 8657.000000 
9578.000000 8576.000000 

8211.000000 9886.000000 
8277.000000 9861.000000 
8147.000000 9887.000000 
8290.000000 9846.000000 
8411.000000 9816.000000 
8443.000000 9800.000000 
8372.000000 9828.000000 
8322.000000 9835.000000 
8470.000000 9677.000000 
8451.000000 9683.000000 
8629.000000 9567.000000 
8500.000000 9610.000000 
9080.000000 8813.000000 
9129.000000 8792.000000 
9137.000000 8754.000000 
9167.000000 8753.000000 
9210.000000 8660.000000 
9212.000000 8617.000000 
9241.000000 8614.000000 
9242.000000 8595.000000 
9259.000000 8584.000000 
9267.000000 8569.000000 
9284.000000 8547.000000 
9271.000000 8552.000000 
9318.000000 8542.000000 
9405.000000 8528.000000 
9432.000000 8478.000000 
9063.000000 8986.000000 
8750.000000 9542.000000 
8755.000000 9507.000000 
8695.000000 9554.000000 
8968.000000 9439.000000 
8991.000000 9409.000000 
8952.000000 9471.000000 
8940.000000 9503.000000 
8888.000000 9504.000000 
8984.000000 9423.000000 
9062.000000 9345.000000 
9003.000000 9377.000000 
9641.000000 8457.000000 
9632.000000 8474.000000 
9671.000000 8328.000000 
9665.000000 8379.000000 
9651.000000 8381.000000 
9646.000000 8428.000000 
9635.000000 8473.000000 

8713.000000 9688.000000 
8612.000000 9739.000000 
8637.000000 9717.000000 
8636.000000 9721.000000 
8676.000000 9712.000000 
8771.000000 9644.000000 
8730.000000 9645.000000 
8793.000000 9578.000000 
8795.000000 9509.000000 
8805.000000 9491.000000 
8826.000000 9463.000000 
8950.000000 9328.000000 
8855.000000 9397.000000 
8951.000000 9324.000000 
9359.000000 8596.000000 
9370.000000 8546.000000 
9428.000000 8505.000000 
9452.000000 8484.000000 
9461.000000 8476.000000 
9520.000000 8399.000000 
9768.000000 7988.000000 
8808.000000 9464.000000 
9354.000000 8819.000000 
9091.000000 9306.000000 
9200.000000 9259.000000 
9152.000000 9300.000000 
9218.000000 9257.000000 
9191.000000 9293.000000 
9265.000000 9149.000000 
9272.000000 9125.000000 
9316.000000 9106.000000 
9290.000000 9124.000000 
9241.000000 9232.000000 
9349.000000 9065.000000 
9258.000000 9222.000000 
9313.000000 9122.000000 
9318.000000 9088.000000 
9712.000000 8254.000000 
9759.000000 7998.000000 
9705.000000 8306.000000 
9702.000000 8314.000000 
9679.000000 8372.000000 
9685.000000 8342.000000 
9726.000000 7999.000000 
9717.000000 8007.000000 

8081.000000 9862.000000 
8053.000000 9863.000000 
8125.000000 9855.000000 
8035.000000 9875.000000 
7992.000000 9879.000000 
7969.000000 9905.000000 
8152.000000 9839.000000 
8051.000000 9867.000000 
8224.000000 9786.000000 
8261.000000 9785.000000 
8289.000000 9740.000000 
8366.000000 9737.000000 
8466.000000 9723.000000 
8657.000000 9687.000000 
8616.000000 9706.000000 
8634.000000 9697.000000 
8726.000000 9660.000000 
8684.000000 9670.000000 
8740.000000 9646.000000 
8769.000000 9639.000000 
8779.000000 9612.000000 
8772.000000 9627.000000 
8839.000000 9532.000000 
8812.000000 9607.000000 
8776.000000 9615.000000 
8815.000000 9576.000000 
8817.000000 9554.000000 
8843.000000 9519.000000 
8877.000000 9508.000000 
8857.000000 9517.000000 
8888.000000 9490.000000 
9097.000000 9252.000000 
9132.000000 9156.000000 
9152.000000 9152.000000 
9131.000000 9218.000000 
9158.000000 9141.000000 
9147.000000 9154.000000 
9153.000000 9144.000000 
9193.000000 9125.000000 
9126.000000 9227.000000 
9267.000000 9100.000000 
9270.000000 9070.000000 
9289.000000 9053.000000 
9323.000000 9046.000000 
9335.000000 8974.000000 
9357.000000 8953.000000 
9388.000000 8785.000000 
9424.000000 8690.000000 
9504.000000 8677.000000 
9418.000000 8778.000000 
9370.000000 8903.000000 
9324.000000 8976.000000 
9352.000000 8969.000000 
9048.000000 9423.000000 
9055.000000 9421.000000 
9043.000000 9445.000000 
9076.000000 9405.000000 
9066.000000 9406.000000 
9095.000000 9370.000000 
9627.000000 8596.000000 
9558.000000 8645.000000 
9540.000000 8671.000000 
9556.000000 8652.000000 
9570.000000 8628.000000 
9608.000000 8622.000000 
9505.000000 8676.000000 
9573.000000 8625.000000 
9618.000000 8600.000000 
9639.000000 8550.000000 
9645.000000 8513.000000 
9637.000000 8583.000000 
9640.000000 8534.000000 
9609.000000 8615.000000 
9628.000000 8586.000000 
9661.000000 8440.000000 
9653.000000 8475.000000 
9643.000000 8521.000000 
9664.000000 8437.000000 
9685.000000 8406.000000 
9693.000000 8381.000000 
9743.000000 8174.000000 
9733.000000 8240.000000 
9729.000000 8251.000000 
9710.000000 8368.000000 
9718.000000 8305.000000 
9755.000000 8096.000000 

8558.000000 9774.000000 
8663.000000 9722.000000 
8644.000000 9726.000000 
8621.000000 9728.000000 
8615.000000 9734.000000 
8691.000000 9692.000000 
8679.000000 9713.000000 
8716.000000 9673.000000 
8722.000000 9664.000000 
8736.000000 9654.000000 
9330.000000 9082.000000 
9343.000000 9068.000000 
9399.000000 9008.000000 
9383.000000 9019.000000 
9597.000000 8512.000000 
9591.000000 8542.000000 
9611.000000 8467.000000 
9620.000000 8438.000000 
9621.000000 8417.000000 
9626.000000 8403.000000 
9641.000000 8380.000000 
9744.000000 8292.000000 
9747.000000 8136.000000 
9614.000000 8460.000000 
9635.000000 8402.000000 
8363.000000 9802.000000 
8399.000000 9785.000000 
8395.000000 9790.000000 
8718.000000 9665.000000 
8776.000000 9649.000000 
8884.000000 9601.000000 
8848.000000 9617.000000 
8867.000000 9605.000000 
8837.000000 9634.000000 
8870.000000 9603.000000 
8906.000000 9587.000000 
8847.000000 9621.000000 
8889.000000 9591.000000 
8866.000000 9614.000000 
8929.000000 9553.000000 
8907.000000 9567.000000 
8957.000000 9523.000000 
8933.000000 9528.000000 
8931.000000 9532.000000 
8966.000000 9492.000000 
9024.000000 9474.000000 
9050.000000 9433.000000 
9018.000000 9479.000000 
9048.000000 9450.000000 
9067.000000 9430.000000 
9081.000000 9424.000000 
9082.000000 9414.000000 
9105.000000 9397.000000 
9153.000000 9386.000000 
9155.000000 9366.000000 
9204.000000 9326.000000 
9198.000000 9336.000000 
9176.000000 9350.000000 
9165.000000 9354.000000 
9178.000000 9341.000000 
9217.000000 9275.000000 
9245.000000 9240.000000 
9220.000000 9252.000000 
9209.000000 9286.000000 
9287.000000 9172.000000 
9252.000000 9207.000000 
9231.000000 9242.000000 
9272.000000 9190.000000 
9309.000000 9164.000000 
9320.000000 9102.000000 
9337.000000 9070.000000 
9374.000000 9060.000000 
9413.000000 8948.000000 
9424.000000 8936.000000 
9461.000000 8894.000000 
9454.000000 8914.000000 
9517.000000 8788.000000 
9494.000000 8846.000000 
9531.000000 8761.000000 
9561.000000 8714.000000 
9508.000000 8797.000000 
9535.000000 8735.000000 
9501.000000 8822.000000 
9496.000000 8827.000000 
9525.000000 8766.000000 
9565.000000 8666.000000 

8080.000000 9882.000000 
8047.000000 9905.000000 
8345.000000 9852.000000 
8335.000000 9870.000000 
8403.000000 9851.000000 
8433.000000 9850.000000 
8513.000000 9764.000000 
8458.000000 9815.000000 
8485.000000 9772.000000 
8465.000000 9810.000000 
8480.000000 9786.000000 
8476.000000 9793.000000 
8530.000000 9747.000000 
8537.000000 9736.000000 
9241.000000 8963.000000 
9278.000000 8931.000000 
9274.000000 8949.000000 
9284.000000 8907.000000 
9296.000000 8896.000000 
9353.000000 8837.000000 
9376.000000 8616.000000 
9371.000000 8777.000000 
9640.000000 8322.000000 
8849.000000 9539.000000 
8800.000000 9545.000000 
8760.000000 9564.000000 
8792.000000 9555.000000 
8743.000000 9590.000000 
8751.000000 9568.000000 
8784.000000 9557.000000 
8770.000000 9560.000000 
8633.000000 9721.000000 
8637.000000 9711.000000 
8680.000000 9708.000000 
8694.000000 9702.000000 
8623.000000 9735.000000 
8738.000000 9666.000000 
8876.000000 9499.000000 
8894.000000 9497.000000 
8960.000000 9493.000000 
8972.000000 9452.000000 
8982.000000 9451.000000 
9042.000000 9446.000000 
9134.000000 9380.000000 
9172.000000 9349.000000 
9118.000000 9409.000000 
9157.000000 9350.000000 
9121.000000 9406.000000 
9182.000000 9343.000000 
9195.000000 9272.000000 
9428.000000 8590.000000 
9150.000000 9360.000000 
9460.000000 8495.000000 
9459.000000 8509.000000 
9580.000000 8427.000000 
9628.000000 8332.000000 
9643.000000 8313.000000 
9567.000000 8460.000000 
9500.000000 8486.000000 
9588.000000 8419.000000 
9600.000000 8398.000000 
9610.000000 8379.000000 
9622.000000 8338.000000 
9613.000000 8365.000000 
9619.000000 8358.000000 
9637.000000 8330.000000 
9708.000000 8238.000000 
9716.000000 8227.000000 
9738.000000 8160.000000 
9756.000000 8106.000000 
9692.000000 8306.000000 

8081.000000 9862.000000 
8053.000000 9863.000000 
8125.000000 9855.000000 
8035.000000 9875.000000 
7992.000000 9879.000000 
7969.000000 9905.000000 
8152.000000 9839.000000 
8051.000000 9867.000000 
8224.000000 9786.000000 
8261.000000 9785.000000 
8289.000000 9740.000000 
8366.000000 9737.000000 
8466.000000 9723.000000 
8657.000000 9687.000000 
8616.000000 9706.000000 
8634.000000 9697.000000 
8726.000000 9660.000000 
8684.000000 9670.000000 
8740.000000 9646.000000 
8769.000000 9639.000000 
8779.000000 9612.000000 
8772.000000 9627.000000 
8839.000000 9532.000000 
8812.000000 9607.000000 
8776.000000 9615.000000 
8815.000000 9576.000000 
8817.000000 9554.000000 
8843.000000 9519.000000 
8877.000000 9508.000000 
8857.000000 9517.000000 
8888.000000 9490.000000 
9097.000000 9252.000000 
9132.000000 9156.000000 
9152.000000 9152.000000 
9131.000000 9218.000000 
9158.000000 9141.000000 
9147.000000 9154.000000 
9153.000000 9144.000000 
9193.000000 9125.000000 
9126.000000 9227.000000 
9267.000000 9100.000000 
9270.000000 9070.000000 
9289.000000 9053.000000 
9323.000000 9046.000000 
9335.000000 8974.000000 
9357.000000 8953.000000 
9388.000000 8785.000000 
9424.000000 8690.000000 
9504.000000 8677.000000 
9418.000000 8778.000000 
9370.000000 8903.000000 
9324.000000 8976.000000 
9352.000000 8969.000000 
9048.000000 9423.000000 
9055.000000 9421.000000 
9043.000000 9445.000000 
9076.000000 9405.000000 
9066.000000 9406.000000 
9095.000000 9370.000000 
9627.000000 8596.000000 
9558.000000 8645.000000 
9540.000000 8671.000000 
9556.000000 8652.000000 
9570.000000 8628.000000 
9608.000000 8622.000000 
9505.000000 8676.000000 
9573.000000 8625.000000 
9618.000000 8600.000000 
9639.000000 8550.000000 
9645.000000 8513.000000 
9637.000000 8583.000000 
9640.000000 8534.000000 
9609.000000 8615.000000 
9628.000000 8586.000000 
9661.000000 8440.000000 
9653.000000 8475.000000 
9643.000000 8521.000000 
9664.000000 8437.000000 
9685.000000 8406.000000 
9693.000000 8381.000000 
9743.000000 8174.000000 
9733.000000 8240.000000 
9729.000000 8251.000000 
9710.000000 8368.000000 
9718.000000 8305.000000 
9755.000000 8096.000000 

8558.000000 9774.000000 
8663.000000 9722.000000 
8644.000000 9726.000000 
8621.000000 9728.000000 
8615.000000 9734.000000 
8691.000000 9692.000000 
8679.000000 9713.000000 
8716.000000 9673.000000 
8722.000000 9664.000000 
8736.000000 9654.000000 
9330.000000 9082.000000 
9343.000000 9068.000000 
9399.000000 9008.000000 
9383.000000 9019.000000 
9597.000000 8512.000000 
9591.000000 8542.000000 
9611.000000 8467.000000 
9620.000000 8438.000000 
9621.000000 8417.000000 
9626.000000 8403.000000 
9641.000000 8380.000000 
9744.000000 8292.000000 
9747.000000 8136.000000 
9614.000000 8460.000000 
9635.000000 8402.000000 
8363.000000 9802.000000 
8399.000000 9785.000000 
8395.000000 9790.000000 
8718.000000 9665.000000 
8776.000000 9649.000000 
8884.000000 9601.000000 
8848.000000 9617.000000 
8867.000000 9605.000000 
8837.000000 9634.000000 
8870.000000 9603.000000 
8906.000000 9587.000000 
8847.000000 9621.000000 
8889.000000 9591.000000 
8866.000000 9614.000000 
8929.000000 9553.000000 
8907.000000 9567.000000 
8957.000000 9523.000000 
8933.000000 9528.000000 
8931.000000 9532.000000 
8966.000000 9492.000000 
9024.000000 9474.000000 
9050.000000 9433.000000 
9018.000000 9479.000000 
9048.000000 9450.000000 
9067.000000 9430.000000 
9081.000000 9424.000000 
9082.000000 9414.000000 
9105.000000 9397.000000 
9153.000000 9386.000000 
9155.000000 9366.000000 
9204.000000 9326.000000 
9198.000000 9336.000000 
9176.000000 9350.000000 
9165.000000 9354.000000 
9178.000000 9341.000000 
9217.000000 9275.000000 
9245.000000 9240.000000 
9220.000000 9252.000000 
9209.000000 9286.000000 
9287.000000 9172.000000 
9252.000000 9207.000000 
9231.000000 9242.000000 
9272.000000 9190.000000 
9309.000000 9164.000000 
9320.000000 9102.000000 
9337.000000 9070.000000 
9374.000000 9060.000000 
9413.000000 8948.000000 
9424.000000 8936.000000 
9461.000000 8894.000000 
9454.000000 8914.000000 
9517.000000 8788.000000 
9494.000000 8846.000000 
9531.000000 8761.000000 
9561.000000 8714.000000 
9508.000000 8797.000000 
9535.000000 8735.000000 
9501.000000 8822.000000 
9496.000000 8827.000000 
9525.000000 8766.000000 
9565.000000 8666.000000 

8080.000000 9882.000000 
8047.000000 9905.000000 
8345.000000 9852.000000 
8335.000000 9870.000000 
8403.000000 9851.000000 
8433.000000 9850.000000 
8513.000000 9764.000000 
8458.000000 9815.000000 
8485.000000 9772.000000 
8465.000000 9810.000000 
8480.000000 9786.000000 
8476.000000 9793.000000 
8530.000000 9747.000000 
8537.000000 9736.000000 
9241.000000 8963.000000 
9278.000000 8931.000000 
9274.000000 8949.000000 
9284.000000 8907.000000 
9296.000000 8896.000000 
9353.000000 8837.000000 
9376.000000 8616.000000 
9371.000000 8777.000000 
9640.000000 8322.000000 
8849.000000 9539.000000 
8800.000000 9545.000000 
8760.000000 9564.000000 
8792.000000 9555.000000 
8743.000000 9590.000000 
8751.000000 9568.000000 
8784.000000 9557.000000 
8770.000000 9560.000000 
8633.000000 9721.000000 
8637.000000 9711.000000 
8680.000000 9708.000000 
8694.000000 9702.000000 
8623.000000 9735.000000 
8738.000000 9666.000000 
8876.000000 9499.000000 
8894.000000 9497.000000 
8960.000000 9493.000000 
8972.000000 9452.000000 
8982.000000 9451.000000 
9042.000000 9446.000000 
9134.000000 9380.000000 
9172.000000 9349.000000 
9118.000000 9409.000000 
9157.000000 9350.000000 
9121.000000 9406.000000 
9182.000000 9343.000000 
9195.000000 9272.000000 
9428.000000 8590.000000 
9150.000000 9360.000000 
9460.000000 8495.000000 
9459.000000 8509.000000 
9580.000000 8427.000000 
9628.000000 8332.000000 
9643.000000 8313.000000 
9567.000000 8460.000000 
9500.000000 8486.000000 
9588.000000 8419.000000 
9600.000000 8398.000000 
9610.000000 8379.000000 
9622.000000 8338.000000 
9613.000000 8365.000000 
9619.000000 8358.000000 
9637.000000 8330.000000 
9708.000000 8238.000000 
9716.000000 8227.000000 
9738.000000 8160.000000 
9756.000000 8106.000000 
9692.000000 8306.000000 

8081.000000 9862.000000 
8053.000000 9863.000000 
8125.000000 9855.000000 
8035.000000 9875.000000 
7992.000000 9879.000000 
7969.000000 9905.000000 
8152.000000 9839.000000 
8051.000000 9867.000000 
8224.000000 9786.000000 
8261.000000 9785.000000 
8289.000000 9740.000000 
8366.000000 9737.000000 
8466.000000 9723.000000 
8657.000000 9687.000000 
8616.000000 9706.000000 
8634.000000 9697.000000 
8726.000000 9660.000000 
8684.000000 9670.000000 
8740.000000 9646.000000 
8769.000000 9639.000000 
8779.000000 9612.000000 
8772.000000 9627.000000 
8839.000000 9532.000000 
8812.000000 9607.000000 
8776.000000 9615.000000 
8815.000000 9576.000000 
8817.000000 9554.000000 
8843.000000 9519.000000 
8877.000000 9508.000000 
8857.000000 9517.000000 
8888.000000 9490.000000 
9097.000000 9252.000000 
9132.000000 9156.000000 
9152.000000 9152.000000 
9131.000000 9218.000000 
9158.000000 9141.000000 
9147.000000 9154.000000 
9153.000000 9144.000000 
9193.000000 9125.000000 
9126.000000 9227.000000 
9267.000000 9100.000000 
9270.000000 9070.000000 
9289.000000 9053.000000 
9323.000000 9046.000000 
9335.000000 8974.000000 
9357.000000 8953.000000 
9388.000000 8785.000000 
9424.000000 8690.000000 
9504.000000 8677.000000 
9418.000000 8778.000000 
9370.000000 8903.000000 
9324.000000 8976.000000 
9352.000000 8969.000000 
9048.000000 9423.000000 
9055.000000 9421.000000 
9043.000000 9445.000000 
9076.000000 9405.000000 
9066.000000 9406.000000 
9095.000000 9370.000000 
9627.000000 8596.000000 
9558.000000 8645.000000 
9540.000000 8671.000000 
9556.000000 8652.000000 
9570.000000 8628.000000 
9608.000000 8622.000000 
9505.000000 8676.000000 
9573.000000 8625.000000 
9618.000000 8600.000000 
9639.000000 8550.000000 
9645.000000 8513.000000 
9637.000000 8583.000000 
9640.000000 8534.000000 
9609.000000 8615.000000 
9628.000000 8586.000000 
9661.000000 8440.000000 
9653.000000 8475.000000 
9643.000000 8521.000000 
9664.000000 8437.000000 
9685.000000 8406.000000 
9693.000000 8381.000000 
9743.000000 8174.000000 
9733.000000 8240.000000 
9729.000000 8251.000000 
9710.000000 8368.000000 
9718.000000 8305.000000 
9755.000000 8096.000000 

8558.000000 9774.000000 
8663.000000 9722.000000 
8644.000000 9726.000000 
8621.000000 9728.000000 
8615.000000 9734.000000 
8691.000000 9692.000000 
8679.000000 9713.000000 
8716.000000 9673.000000 
8722.000000 9664.000000 
8736.000000 9654.000000 
9330.000000 9082.000000 
9343.000000 9068.000000 
9399.000000 9008.000000 
9383.000000 9019.000000 
9597.000000 8512.000000 
9591.000000 8542.000000 
9611.000000 8467.000000 
9620.000000 8438.000000 
9621.000000 8417.000000 
9626.000000 8403.000000 
9641.000000 8380.000000 
9744.000000 8292.000000 
9747.000000 8136.000000 
9614.000000 8460.000000 
9635.000000 8402.000000 
8363.000000 9802.000000 
8399.000000 9785.000000 
8395.000000 9790.000000 
8718.000000 9665.000000 
8776.000000 9649.000000 
8884.000000 9601.000000 
8848.000000 9617.000000 
8867.000000 9605.000000 
8837.000000 9634.000000 
8870.000000 9603.000000 
8906.000000 9587.000000 
8847.000000 9621.000000 
8889.000000 9591.000000 
8866.000000 9614.000000 
8929.000000 9553.000000 
8907.000000 9567.000000 
8957.000000 9523.000000 
8933.000000 9528.000000 
8931.000000 9532.000000 
8966.000000 9492.000000 
9024.000000 9474.000000 
9050.000000 9433.000000 
9018.000000 9479.000000 
9048.000000 9450.000000 
9067.000000 9430.000000 
9081.000000 9424.000000 
9082.000000 9414.000000 
9105.000000 9397.000000 
9153.000000 9386.000000 
9155.000000 9366.000000 
9204.000000 9326.000000 
9198.000000 9336.000000 
9176.000000 9350.000000 
9165.000000 9354.000000 
9178.000000 9341.000000 
9217.000000 9275.000000 
9245.000000 9240.000000 
9220.000000 9252.000000 
9209.000000 9286.000000 
9287.000000 9172.000000 
9252.000000 9207.000000 
9231.000000 9242.000000 
9272.000000 9190.000000 
9309.000000 9164.000000 
9320.000000 9102.000000 
9337.000000 9070.000000 
9374.000000 9060.000000 
9413.000000 8948.000000 
9424.000000 8936.000000 
9461.000000 8894.000000 
9454.000000 8914.000000 
9517.000000 8788.000000 
9494.000000 8846.000000 
9531.000000 8761.000000 
9561.000000 8714.000000 
9508.000000 8797.000000 
9535.000000 8735.000000 
9501.000000 8822.000000 
9496.000000 8827.000000 
9525.000000 8766.000000 
9565.000000 8666.000000 

8080.000000 9882.000000 
8047.000000 9905.000000 
8345.000000 9852.000000 
8335.000000 9870.000000 
8403.000000 9851.000000 
8433.000000 9850.000000 
8513.000000 9764.000000 
8458.000000 9815.000000 
8485.000000 9772.000000 
8465.000000 9810.000000 
8480.000000 9786.000000 
8476.000000 9793.000000 
8530.000000 9747.000000 
8537.000000 9736.000000 
9241.000000 8963.000000 
9278.000000 8931.000000 
9274.000000 8949.000000 
9284.000000 8907.000000 
9296.000000 8896.000000 
9353.000000 8837.000000 
9376.000000 8616.000000 
9371.000000 8777.000000 
9640.000000 8322.000000 
8849.000000 9539.000000 
8800.000000 9545.000000 
8760.000000 9564.000000 
8792.000000 9555.000000 
8743.000000 9590.000000 
8751.000000 9568.000000 
8784.000000 9557.000000 
8770.000000 9560.000000 
8633.000000 9721.000000 
8637.000000 9711.000000 
8680.000000 9708.000000 
8694.000000 9702.000000 
8623.000000 9735.000000 
8738.000000 9666.000000 
8876.000000 9499.000000 
8894.000000 9497.000000 
8960.000000 9493.000000 
8972.000000 9452.000000 
8982.000000 9451.000000 
9042.000000 9446.000000 
9134.000000 9380.000000 
9172.000000 9349.000000 
9118.000000 9409.000000 
9157.000000 9350.000000 
9121.000000 9406.000000 
9182.000000 9343.000000 
9195.000000 9272.000000 
9428.000000 8590.000000 
9150.000000 9360.000000 
9460.000000 8495.000000 
9459.000000 8509.000000 
9580.000000 8427.000000 
9628.000000 8332.000000 
9643.000000 8313.000000 
9567.000000 8460.000000 
9500.000000 8486.000000 
9588.000000 8419.000000 
9600.000000 8398.000000 
9610.000000 8379.000000 
9622.000000 8338.000000 
9613.000000 8365.000000 
9619.000000 8358.000000 
9637.000000 8330.000000 
9708.000000 8238.000000 
9716.000000 8227.000000 
9738.000000 8160.000000 
9756.000000 8106.000000 
9692.000000 8306.000000 
