
7843.000000 9849.000000 
7886.000000 9840.000000 
8189.000000 9814.000000 
8216.000000 9780.000000 
8120.000000 9837.000000 
8145.000000 9821.000000 
8194.000000 9804.000000 
8212.000000 9799.000000 
8272.000000 9766.000000 
8401.000000 9760.000000 
8410.000000 9751.000000 
8426.000000 9742.000000 
8405.000000 9756.000000 
8414.000000 9749.000000 
8437.000000 9739.000000 
8453.000000 9729.000000 
8457.000000 9719.000000 
8471.000000 9713.000000 
8536.000000 9708.000000 
8599.000000 9658.000000 
8628.000000 9652.000000 
8584.000000 9696.000000 
8699.000000 9633.000000 
8714.000000 9632.000000 
8720.000000 9614.000000 
8740.000000 9596.000000 
8735.000000 9597.000000 
8767.000000 9595.000000 
8802.000000 9567.000000 
8792.000000 9580.000000 
8815.000000 9556.000000 
8872.000000 9497.000000 
8851.000000 9506.000000 
8864.000000 9498.000000 
9166.000000 9139.000000 
9264.000000 9009.000000 
9294.000000 8926.000000 
9320.000000 8884.000000 
9291.000000 8994.000000 
9351.000000 8836.000000 
9376.000000 8770.000000 
9361.000000 8788.000000 
9369.000000 8780.000000 
9445.000000 8726.000000 
9486.000000 8702.000000 
9477.000000 8718.000000 
9552.000000 8622.000000 
9567.000000 8612.000000 
9539.000000 8671.000000 
9665.000000 8484.000000 
9122.000000 9163.000000 
9132.000000 9152.000000 
9026.000000 9442.000000 
8982.000000 9478.000000 
9045.000000 9417.000000 
9103.000000 9413.000000 
9037.000000 9426.000000 
9118.000000 9330.000000 
9107.000000 9337.000000 
9644.000000 8578.000000 
9663.000000 8487.000000 
9634.000000 8608.000000 
9641.000000 8599.000000 
9661.000000 8562.000000 
9683.000000 8479.000000 
9688.000000 8378.000000 

8375.000000 9710.000000 
8402.000000 9680.000000 
8356.000000 9730.000000 
8388.000000 9684.000000 
8493.000000 9673.000000 
8600.000000 9658.000000 
8589.000000 9672.000000 
8614.000000 9655.000000 
8707.000000 9619.000000 
8745.000000 9608.000000 
8682.000000 9647.000000 
9578.000000 8593.000000 
9608.000000 8531.000000 
9683.000000 8240.000000 
9662.000000 8373.000000 
9560.000000 8675.000000 
9610.000000 8510.000000 
8888.000000 9516.000000 
8818.000000 9584.000000 
8820.000000 9576.000000 
8822.000000 9572.000000 
8801.000000 9604.000000 
8814.000000 9599.000000 
8842.000000 9571.000000 
8865.000000 9545.000000 
8908.000000 9491.000000 
8940.000000 9482.000000 
8946.000000 9470.000000 
9013.000000 9465.000000 
9050.000000 9413.000000 
9136.000000 9375.000000 
9130.000000 9388.000000 
9155.000000 9363.000000 
9138.000000 9367.000000 
9163.000000 9343.000000 
9203.000000 9287.000000 
9170.000000 9314.000000 
9211.000000 9272.000000 
9171.000000 9304.000000 
9222.000000 9250.000000 
9234.000000 9231.000000 
9196.000000 9301.000000 
9262.000000 9176.000000 
9251.000000 9195.000000 
9293.000000 9151.000000 
9302.000000 9143.000000 
9333.000000 9113.000000 
9236.000000 9229.000000 
9331.000000 9139.000000 
9358.000000 9068.000000 
9382.000000 9010.000000 
9289.000000 9171.000000 
9334.000000 9090.000000 
9338.000000 9072.000000 
9405.000000 8942.000000 
9445.000000 8816.000000 
9492.000000 8774.000000 
9524.000000 8707.000000 
9389.000000 8983.000000 
9436.000000 8937.000000 
9451.000000 8787.000000 
9385.000000 9001.000000 

7693.000000 9952.000000 
7704.000000 9948.000000 
7745.000000 9918.000000 
7838.000000 9915.000000 
7743.000000 9921.000000 
7863.000000 9898.000000 
7897.000000 9897.000000 
7727.000000 9930.000000 
7911.000000 9849.000000 
7968.000000 9832.000000 
7978.000000 9793.000000 
8019.000000 9784.000000 
8154.000000 9783.000000 
9386.000000 9077.000000 
9466.000000 8961.000000 
9474.000000 8925.000000 
9472.000000 8926.000000 
9484.000000 8912.000000 
9407.000000 9008.000000 
9417.000000 8995.000000 
9453.000000 8971.000000 
9487.000000 8860.000000 
9503.000000 8846.000000 
9593.000000 8681.000000 
9548.000000 8797.000000 
9595.000000 8549.000000 
9571.000000 8766.000000 
9545.000000 8844.000000 
9583.000000 8747.000000 
8631.000000 9702.000000 
8581.000000 9730.000000 
8598.000000 9710.000000 
8670.000000 9657.000000 
8673.000000 9655.000000 
8705.000000 9640.000000 
8646.000000 9672.000000 
8675.000000 9650.000000 
8713.000000 9627.000000 
8688.000000 9649.000000 
8719.000000 9621.000000 
8772.000000 9620.000000 
8776.000000 9598.000000 
8794.000000 9581.000000 
8871.000000 9564.000000 
8821.000000 9575.000000 
8885.000000 9554.000000 
8867.000000 9573.000000 
8926.000000 9515.000000 
8946.000000 9495.000000 
8959.000000 9484.000000 
8961.000000 9472.000000 
8938.000000 9507.000000 
8967.000000 9452.000000 
8973.000000 9433.000000 
9012.000000 9419.000000 
9026.000000 9372.000000 
9021.000000 9376.000000 
9035.000000 9365.000000 
9020.000000 9382.000000 
9078.000000 9336.000000 
9049.000000 9344.000000 
9037.000000 9349.000000 
9063.000000 9339.000000 
9095.000000 9263.000000 
9094.000000 9309.000000 
9103.000000 9251.000000 
9132.000000 9244.000000 
9137.000000 9214.000000 
9199.000000 9195.000000 
9234.000000 9123.000000 
9261.000000 9090.000000 

7843.000000 9849.000000 
7886.000000 9840.000000 
8189.000000 9814.000000 
8216.000000 9780.000000 
8120.000000 9837.000000 
8145.000000 9821.000000 
8194.000000 9804.000000 
8212.000000 9799.000000 
8272.000000 9766.000000 
8401.000000 9760.000000 
8410.000000 9751.000000 
8426.000000 9742.000000 
8405.000000 9756.000000 
8414.000000 9749.000000 
8437.000000 9739.000000 
8453.000000 9729.000000 
8457.000000 9719.000000 
8471.000000 9713.000000 
8536.000000 9708.000000 
8599.000000 9658.000000 
8628.000000 9652.000000 
8584.000000 9696.000000 
8699.000000 9633.000000 
8714.000000 9632.000000 
8720.000000 9614.000000 
8740.000000 9596.000000 
8735.000000 9597.000000 
8767.000000 9595.000000 
8802.000000 9567.000000 
8792.000000 9580.000000 
8815.000000 9556.000000 
8872.000000 9497.000000 
8851.000000 9506.000000 
8864.000000 9498.000000 
9166.000000 9139.000000 
9264.000000 9009.000000 
9294.000000 8926.000000 
9320.000000 8884.000000 
9291.000000 8994.000000 
9351.000000 8836.000000 
9376.000000 8770.000000 
9361.000000 8788.000000 
9369.000000 8780.000000 
9445.000000 8726.000000 
9486.000000 8702.000000 
9477.000000 8718.000000 
9552.000000 8622.000000 
9567.000000 8612.000000 
9539.000000 8671.000000 
9665.000000 8484.000000 
9122.000000 9163.000000 
9132.000000 9152.000000 
9026.000000 9442.000000 
8982.000000 9478.000000 
9045.000000 9417.000000 
9103.000000 9413.000000 
9037.000000 9426.000000 
9118.000000 9330.000000 
9107.000000 9337.000000 
9644.000000 8578.000000 
9663.000000 8487.000000 
9634.000000 8608.000000 
9641.000000 8599.000000 
9661.000000 8562.000000 
9683.000000 8479.000000 
9688.000000 8378.000000 

8375.000000 9710.000000 
8402.000000 9680.000000 
8356.000000 9730.000000 
8388.000000 9684.000000 
8493.000000 9673.000000 
8600.000000 9658.000000 
8589.000000 9672.000000 
8614.000000 9655.000000 
8707.000000 9619.000000 
8745.000000 9608.000000 
8682.000000 9647.000000 
9578.000000 8593.000000 
9608.000000 8531.000000 
9683.000000 8240.000000 
9662.000000 8373.000000 
9560.000000 8675.000000 
9610.000000 8510.000000 
8888.000000 9516.000000 
8818.000000 9584.000000 
8820.000000 9576.000000 
8822.000000 9572.000000 
8801.000000 9604.000000 
8814.000000 9599.000000 
8842.000000 9571.000000 
8865.000000 9545.000000 
8908.000000 9491.000000 
8940.000000 9482.000000 
8946.000000 9470.000000 
9013.000000 9465.000000 
9050.000000 9413.000000 
9136.000000 9375.000000 
9130.000000 9388.000000 
9155.000000 9363.000000 
9138.000000 9367.000000 
9163.000000 9343.000000 
9203.000000 9287.000000 
9170.000000 9314.000000 
9211.000000 9272.000000 
9171.000000 9304.000000 
9222.000000 9250.000000 
9234.000000 9231.000000 
9196.000000 9301.000000 
9262.000000 9176.000000 
9251.000000 9195.000000 
9293.000000 9151.000000 
9302.000000 9143.000000 
9333.000000 9113.000000 
9236.000000 9229.000000 
9331.000000 9139.000000 
9358.000000 9068.000000 
9382.000000 9010.000000 
9289.000000 9171.000000 
9334.000000 9090.000000 
9338.000000 9072.000000 
9405.000000 8942.000000 
9445.000000 8816.000000 
9492.000000 8774.000000 
9524.000000 8707.000000 
9389.000000 8983.000000 
9436.000000 8937.000000 
9451.000000 8787.000000 
9385.000000 9001.000000 

7693.000000 9952.000000 
7704.000000 9948.000000 
7745.000000 9918.000000 
7838.000000 9915.000000 
7743.000000 9921.000000 
7863.000000 9898.000000 
7897.000000 9897.000000 
7727.000000 9930.000000 
7911.000000 9849.000000 
7968.000000 9832.000000 
7978.000000 9793.000000 
8019.000000 9784.000000 
8154.000000 9783.000000 
9386.000000 9077.000000 
9466.000000 8961.000000 
9474.000000 8925.000000 
9472.000000 8926.000000 
9484.000000 8912.000000 
9407.000000 9008.000000 
9417.000000 8995.000000 
9453.000000 8971.000000 
9487.000000 8860.000000 
9503.000000 8846.000000 
9593.000000 8681.000000 
9548.000000 8797.000000 
9595.000000 8549.000000 
9571.000000 8766.000000 
9545.000000 8844.000000 
9583.000000 8747.000000 
8631.000000 9702.000000 
8581.000000 9730.000000 
8598.000000 9710.000000 
8670.000000 9657.000000 
8673.000000 9655.000000 
8705.000000 9640.000000 
8646.000000 9672.000000 
8675.000000 9650.000000 
8713.000000 9627.000000 
8688.000000 9649.000000 
8719.000000 9621.000000 
8772.000000 9620.000000 
8776.000000 9598.000000 
8794.000000 9581.000000 
8871.000000 9564.000000 
8821.000000 9575.000000 
8885.000000 9554.000000 
8867.000000 9573.000000 
8926.000000 9515.000000 
8946.000000 9495.000000 
8959.000000 9484.000000 
8961.000000 9472.000000 
8938.000000 9507.000000 
8967.000000 9452.000000 
8973.000000 9433.000000 
9012.000000 9419.000000 
9026.000000 9372.000000 
9021.000000 9376.000000 
9035.000000 9365.000000 
9020.000000 9382.000000 
9078.000000 9336.000000 
9049.000000 9344.000000 
9037.000000 9349.000000 
9063.000000 9339.000000 
9095.000000 9263.000000 
9094.000000 9309.000000 
9103.000000 9251.000000 
9132.000000 9244.000000 
9137.000000 9214.000000 
9199.000000 9195.000000 
9234.000000 9123.000000 
9261.000000 9090.000000 

7843.000000 9849.000000 
7886.000000 9840.000000 
8189.000000 9814.000000 
8216.000000 9780.000000 
8120.000000 9837.000000 
8145.000000 9821.000000 
8194.000000 9804.000000 
8212.000000 9799.000000 
8272.000000 9766.000000 
8401.000000 9760.000000 
8410.000000 9751.000000 
8426.000000 9742.000000 
8405.000000 9756.000000 
8414.000000 9749.000000 
8437.000000 9739.000000 
8453.000000 9729.000000 
8457.000000 9719.000000 
8471.000000 9713.000000 
8536.000000 9708.000000 
8599.000000 9658.000000 
8628.000000 9652.000000 
8584.000000 9696.000000 
8699.000000 9633.000000 
8714.000000 9632.000000 
8720.000000 9614.000000 
8740.000000 9596.000000 
8735.000000 9597.000000 
8767.000000 9595.000000 
8802.000000 9567.000000 
8792.000000 9580.000000 
8815.000000 9556.000000 
8872.000000 9497.000000 
8851.000000 9506.000000 
8864.000000 9498.000000 
9166.000000 9139.000000 
9264.000000 9009.000000 
9294.000000 8926.000000 
9320.000000 8884.000000 
9291.000000 8994.000000 
9351.000000 8836.000000 
9376.000000 8770.000000 
9361.000000 8788.000000 
9369.000000 8780.000000 
9445.000000 8726.000000 
9486.000000 8702.000000 
9477.000000 8718.000000 
9552.000000 8622.000000 
9567.000000 8612.000000 
9539.000000 8671.000000 
9665.000000 8484.000000 
9122.000000 9163.000000 
9132.000000 9152.000000 
9026.000000 9442.000000 
8982.000000 9478.000000 
9045.000000 9417.000000 
9103.000000 9413.000000 
9037.000000 9426.000000 
9118.000000 9330.000000 
9107.000000 9337.000000 
9644.000000 8578.000000 
9663.000000 8487.000000 
9634.000000 8608.000000 
9641.000000 8599.000000 
9661.000000 8562.000000 
9683.000000 8479.000000 
9688.000000 8378.000000 

8375.000000 9710.000000 
8402.000000 9680.000000 
8356.000000 9730.000000 
8388.000000 9684.000000 
8493.000000 9673.000000 
8600.000000 9658.000000 
8589.000000 9672.000000 
8614.000000 9655.000000 
8707.000000 9619.000000 
8745.000000 9608.000000 
8682.000000 9647.000000 
9578.000000 8593.000000 
9608.000000 8531.000000 
9683.000000 8240.000000 
9662.000000 8373.000000 
9560.000000 8675.000000 
9610.000000 8510.000000 
8888.000000 9516.000000 
8818.000000 9584.000000 
8820.000000 9576.000000 
8822.000000 9572.000000 
8801.000000 9604.000000 
8814.000000 9599.000000 
8842.000000 9571.000000 
8865.000000 9545.000000 
8908.000000 9491.000000 
8940.000000 9482.000000 
8946.000000 9470.000000 
9013.000000 9465.000000 
9050.000000 9413.000000 
9136.000000 9375.000000 
9130.000000 9388.000000 
9155.000000 9363.000000 
9138.000000 9367.000000 
9163.000000 9343.000000 
9203.000000 9287.000000 
9170.000000 9314.000000 
9211.000000 9272.000000 
9171.000000 9304.000000 
9222.000000 9250.000000 
9234.000000 9231.000000 
9196.000000 9301.000000 
9262.000000 9176.000000 
9251.000000 9195.000000 
9293.000000 9151.000000 
9302.000000 9143.000000 
9333.000000 9113.000000 
9236.000000 9229.000000 
9331.000000 9139.000000 
9358.000000 9068.000000 
9382.000000 9010.000000 
9289.000000 9171.000000 
9334.000000 9090.000000 
9338.000000 9072.000000 
9405.000000 8942.000000 
9445.000000 8816.000000 
9492.000000 8774.000000 
9524.000000 8707.000000 
9389.000000 8983.000000 
9436.000000 8937.000000 
9451.000000 8787.000000 
9385.000000 9001.000000 

7693.000000 9952.000000 
7704.000000 9948.000000 
7745.000000 9918.000000 
7838.000000 9915.000000 
7743.000000 9921.000000 
7863.000000 9898.000000 
7897.000000 9897.000000 
7727.000000 9930.000000 
7911.000000 9849.000000 
7968.000000 9832.000000 
7978.000000 9793.000000 
8019.000000 9784.000000 
8154.000000 9783.000000 
9386.000000 9077.000000 
9466.000000 8961.000000 
9474.000000 8925.000000 
9472.000000 8926.000000 
9484.000000 8912.000000 
9407.000000 9008.000000 
9417.000000 8995.000000 
9453.000000 8971.000000 
9487.000000 8860.000000 
9503.000000 8846.000000 
9593.000000 8681.000000 
9548.000000 8797.000000 
9595.000000 8549.000000 
9571.000000 8766.000000 
9545.000000 8844.000000 
9583.000000 8747.000000 
8631.000000 9702.000000 
8581.000000 9730.000000 
8598.000000 9710.000000 
8670.000000 9657.000000 
8673.000000 9655.000000 
8705.000000 9640.000000 
8646.000000 9672.000000 
8675.000000 9650.000000 
8713.000000 9627.000000 
8688.000000 9649.000000 
8719.000000 9621.000000 
8772.000000 9620.000000 
8776.000000 9598.000000 
8794.000000 9581.000000 
8871.000000 9564.000000 
8821.000000 9575.000000 
8885.000000 9554.000000 
8867.000000 9573.000000 
8926.000000 9515.000000 
8946.000000 9495.000000 
8959.000000 9484.000000 
8961.000000 9472.000000 
8938.000000 9507.000000 
8967.000000 9452.000000 
8973.000000 9433.000000 
9012.000000 9419.000000 
9026.000000 9372.000000 
9021.000000 9376.000000 
9035.000000 9365.000000 
9020.000000 9382.000000 
9078.000000 9336.000000 
9049.000000 9344.000000 
9037.000000 9349.000000 
9063.000000 9339.000000 
9095.000000 9263.000000 
9094.000000 9309.000000 
9103.000000 9251.000000 
9132.000000 9244.000000 
9137.000000 9214.000000 
9199.000000 9195.000000 
9234.000000 9123.000000 
9261.000000 9090.000000 
