
8126.000000 9742.000000 
8471.000000 9715.000000 
8606.000000 9673.000000 
8643.000000 9650.000000 
8583.000000 9701.000000 
8657.000000 9625.000000 
8684.000000 9612.000000 
8758.000000 9553.000000 
8793.000000 9538.000000 
8731.000000 9603.000000 
8762.000000 9543.000000 
8832.000000 9476.000000 
8846.000000 9464.000000 
8905.000000 9366.000000 
8851.000000 9416.000000 
8849.000000 9461.000000 
8887.000000 9411.000000 
8862.000000 9412.000000 
8974.000000 9349.000000 
8904.000000 9408.000000 
8958.000000 9361.000000 
9004.000000 9292.000000 
9025.000000 9234.000000 
9028.000000 9212.000000 
9060.000000 9184.000000 
9086.000000 9178.000000 
9194.000000 9098.000000 
9207.000000 9095.000000 
9166.000000 9157.000000 
9287.000000 8968.000000 
9305.000000 8899.000000 
9307.000000 8895.000000 
9696.000000 8319.000000 
9674.000000 8335.000000 
9722.000000 8244.000000 
9657.000000 8352.000000 
9310.000000 8878.000000 
9038.000000 9197.000000 
9281.000000 9007.000000 
9252.000000 9074.000000 
9658.000000 8340.000000 
9564.000000 8743.000000 
9561.000000 8761.000000 
9576.000000 8740.000000 
9556.000000 8796.000000 
9599.000000 8733.000000 
9600.000000 8725.000000 
9520.000000 8822.000000 
9508.000000 8857.000000 
9622.000000 8640.000000 
9606.000000 8649.000000 
9602.000000 8679.000000 
9605.000000 8666.000000 
9643.000000 8635.000000 
9655.000000 8462.000000 

8807.000000 9613.000000 
8933.000000 9450.000000 
8927.000000 9470.000000 
8970.000000 9440.000000 
9252.000000 9129.000000 
9299.000000 9076.000000 
9320.000000 9059.000000 
9333.000000 9037.000000 
9265.000000 9106.000000 
9311.000000 9066.000000 
9357.000000 9014.000000 
9404.000000 8921.000000 
8777.000000 9620.000000 
8759.000000 9624.000000 
8681.000000 9678.000000 
8653.000000 9681.000000 
8696.000000 9676.000000 
8736.000000 9675.000000 
8650.000000 9687.000000 
8618.000000 9704.000000 
8615.000000 9727.000000 
8569.000000 9740.000000 
8500.000000 9749.000000 
8491.000000 9754.000000 
8641.000000 9695.000000 
8623.000000 9699.000000 
8742.000000 9636.000000 
8830.000000 9605.000000 
8888.000000 9583.000000 
8878.000000 9589.000000 
8917.000000 9560.000000 
8907.000000 9566.000000 
9048.000000 9412.000000 
9101.000000 9338.000000 
8928.000000 9468.000000 
9090.000000 9380.000000 
9108.000000 9332.000000 
9098.000000 9358.000000 
9174.000000 9268.000000 
9247.000000 9242.000000 
9116.000000 9331.000000 
9145.000000 9285.000000 
9184.000000 9245.000000 
9160.000000 9284.000000 
9144.000000 9301.000000 
9183.000000 9262.000000 

8037.000000 9747.000000 
8022.000000 9766.000000 
8069.000000 9742.000000 
8154.000000 9734.000000 
8115.000000 9741.000000 
8213.000000 9718.000000 
8119.000000 9735.000000 
8210.000000 9732.000000 
8401.000000 9704.000000 
8427.000000 9701.000000 
8628.000000 9693.000000 
8656.000000 9643.000000 
8693.000000 9618.000000 
8642.000000 9658.000000 
8668.000000 9633.000000 
8723.000000 9544.000000 
8710.000000 9568.000000 
8721.000000 9549.000000 
8826.000000 9478.000000 
8782.000000 9541.000000 
8816.000000 9480.000000 
8861.000000 9462.000000 
8812.000000 9537.000000 
8848.000000 9476.000000 
8929.000000 9445.000000 
8979.000000 9399.000000 
8964.000000 9427.000000 
9012.000000 9393.000000 
8966.000000 9414.000000 
8988.000000 9394.000000 
8969.000000 9403.000000 
9025.000000 9374.000000 
9018.000000 9380.000000 
9064.000000 9351.000000 
9104.000000 9298.000000 
9093.000000 9334.000000 
9095.000000 9332.000000 
9100.000000 9325.000000 
9102.000000 9302.000000 
9152.000000 9257.000000 
9190.000000 9147.000000 
9224.000000 9069.000000 
9228.000000 9020.000000 
9262.000000 8988.000000 
9245.000000 9007.000000 
9223.000000 9105.000000 
9286.000000 8967.000000 
9330.000000 8898.000000 
9521.000000 8699.000000 
9576.000000 8577.000000 
9602.000000 8511.000000 
9612.000000 8495.000000 
9624.000000 8384.000000 
9658.000000 8311.000000 
9311.000000 8924.000000 
9297.000000 8962.000000 
9175.000000 9203.000000 
9189.000000 9178.000000 
9111.000000 9265.000000 
9114.000000 9262.000000 
9375.000000 8888.000000 
9461.000000 8788.000000 
9479.000000 8758.000000 
9510.000000 8750.000000 
9435.000000 8869.000000 
9472.000000 8764.000000 
9455.000000 8840.000000 
9529.000000 8689.000000 
9580.000000 8542.000000 
9557.000000 8670.000000 
9661.000000 8291.000000 
9653.000000 8318.000000 
9685.000000 8281.000000 
9713.000000 8217.000000 
