
8609.000000 9666.000000 
8721.000000 9652.000000 
8681.000000 9662.000000 
8694.000000 9655.000000 
8736.000000 9638.000000 
8746.000000 9609.000000 
8792.000000 9605.000000 
8814.000000 9545.000000 
8834.000000 9539.000000 
8795.000000 9565.000000 
8835.000000 9501.000000 
8849.000000 9493.000000 
8890.000000 9479.000000 
9165.000000 9190.000000 
9159.000000 9195.000000 
9177.000000 9165.000000 
9192.000000 9144.000000 
9236.000000 9109.000000 
9199.000000 9139.000000 
9182.000000 9156.000000 
9256.000000 9098.000000 
9194.000000 9143.000000 
9214.000000 9135.000000 
9226.000000 9115.000000 
9257.000000 9057.000000 
9304.000000 9000.000000 
9381.000000 8879.000000 
8797.000000 9558.000000 
9258.000000 9009.000000 
9005.000000 9467.000000 
9073.000000 9378.000000 
9112.000000 9372.000000 
9104.000000 9374.000000 
9130.000000 9361.000000 
9058.000000 9421.000000 
9152.000000 9316.000000 
9309.000000 8959.000000 
9324.000000 8953.000000 
9373.000000 8928.000000 
9384.000000 8856.000000 
9392.000000 8854.000000 
9405.000000 8850.000000 
9378.000000 8887.000000 
9453.000000 8788.000000 
9437.000000 8801.000000 
9431.000000 8844.000000 
9498.000000 8787.000000 
9559.000000 8586.000000 
9505.000000 8777.000000 
9522.000000 8720.000000 
9555.000000 8600.000000 
9581.000000 8574.000000 
9588.000000 8556.000000 
9619.000000 8522.000000 
9534.000000 8688.000000 
9512.000000 8722.000000 
9547.000000 8657.000000 
9578.000000 8576.000000 

8211.000000 9886.000000 
8277.000000 9861.000000 
8147.000000 9887.000000 
8290.000000 9846.000000 
8411.000000 9816.000000 
8443.000000 9800.000000 
8372.000000 9828.000000 
8322.000000 9835.000000 
8470.000000 9677.000000 
8451.000000 9683.000000 
8629.000000 9567.000000 
8500.000000 9610.000000 
9080.000000 8813.000000 
9129.000000 8792.000000 
9137.000000 8754.000000 
9167.000000 8753.000000 
9210.000000 8660.000000 
9212.000000 8617.000000 
9241.000000 8614.000000 
9242.000000 8595.000000 
9259.000000 8584.000000 
9267.000000 8569.000000 
9284.000000 8547.000000 
9271.000000 8552.000000 
9318.000000 8542.000000 
9405.000000 8528.000000 
9432.000000 8478.000000 
9063.000000 8986.000000 
8750.000000 9542.000000 
8755.000000 9507.000000 
8695.000000 9554.000000 
8968.000000 9439.000000 
8991.000000 9409.000000 
8952.000000 9471.000000 
8940.000000 9503.000000 
8888.000000 9504.000000 
8984.000000 9423.000000 
9062.000000 9345.000000 
9003.000000 9377.000000 
9641.000000 8457.000000 
9632.000000 8474.000000 
9671.000000 8328.000000 
9665.000000 8379.000000 
9651.000000 8381.000000 
9646.000000 8428.000000 
9635.000000 8473.000000 

8713.000000 9688.000000 
8612.000000 9739.000000 
8637.000000 9717.000000 
8636.000000 9721.000000 
8676.000000 9712.000000 
8771.000000 9644.000000 
8730.000000 9645.000000 
8793.000000 9578.000000 
8795.000000 9509.000000 
8805.000000 9491.000000 
8826.000000 9463.000000 
8950.000000 9328.000000 
8855.000000 9397.000000 
8951.000000 9324.000000 
9359.000000 8596.000000 
9370.000000 8546.000000 
9428.000000 8505.000000 
9452.000000 8484.000000 
9461.000000 8476.000000 
9520.000000 8399.000000 
9768.000000 7988.000000 
8808.000000 9464.000000 
9354.000000 8819.000000 
9091.000000 9306.000000 
9200.000000 9259.000000 
9152.000000 9300.000000 
9218.000000 9257.000000 
9191.000000 9293.000000 
9265.000000 9149.000000 
9272.000000 9125.000000 
9316.000000 9106.000000 
9290.000000 9124.000000 
9241.000000 9232.000000 
9349.000000 9065.000000 
9258.000000 9222.000000 
9313.000000 9122.000000 
9318.000000 9088.000000 
9712.000000 8254.000000 
9759.000000 7998.000000 
9705.000000 8306.000000 
9702.000000 8314.000000 
9679.000000 8372.000000 
9685.000000 8342.000000 
9726.000000 7999.000000 
9717.000000 8007.000000 
