
8001.000000 9971.000000 
7992.000000 9978.000000 
7912.000000 9997.000000 
7925.000000 9982.000000 
8010.000000 9963.000000 
8022.000000 9959.000000 
8026.000000 9954.000000 
8129.000000 9936.000000 
8076.000000 9953.000000 
8118.000000 9947.000000 
8117.000000 9949.000000 
8097.000000 9950.000000 
8210.000000 9910.000000 
8225.000000 9902.000000 
8280.000000 9887.000000 
8287.000000 9881.000000 
8233.000000 9898.000000 
8208.000000 9932.000000 
8308.000000 9863.000000 
8294.000000 9872.000000 
8331.000000 9853.000000 
8309.000000 9859.000000 
8299.000000 9870.000000 
8399.000000 9838.000000 
8366.000000 9848.000000 
8449.000000 9819.000000 
8477.000000 9808.000000 
8403.000000 9825.000000 
8581.000000 9742.000000 
8508.000000 9775.000000 
8574.000000 9744.000000 
8564.000000 9755.000000 
8555.000000 9757.000000 
8635.000000 9732.000000 
8649.000000 9728.000000 
8667.000000 9713.000000 
8610.000000 9740.000000 
8614.000000 9733.000000 
8671.000000 9684.000000 
8707.000000 9675.000000 
8669.000000 9698.000000 
8861.000000 9606.000000 
8826.000000 9644.000000 
8868.000000 9580.000000 
8845.000000 9609.000000 
8864.000000 9581.000000 
8893.000000 9571.000000 
8897.000000 9556.000000 
8895.000000 9564.000000 
8950.000000 9512.000000 
8923.000000 9532.000000 
8933.000000 9524.000000 
9016.000000 9466.000000 
9005.000000 9470.000000 
9062.000000 9460.000000 
9070.000000 9448.000000 
9127.000000 9383.000000 
9120.000000 9427.000000 
9121.000000 9384.000000 
9144.000000 9369.000000 
9150.000000 9327.000000 
9147.000000 9331.000000 
9163.000000 9324.000000 
9199.000000 9283.000000 
9175.000000 9303.000000 

7596.000000 9982.000000 
7806.000000 9935.000000 
7633.000000 9969.000000 
7761.000000 9944.000000 
7753.000000 9961.000000 
8007.000000 9806.000000 
7953.000000 9812.000000 
8168.000000 9583.000000 
8117.000000 9614.000000 

7484.000000 9973.000000 
7472.000000 9976.000000 
7622.000000 9959.000000 
7572.000000 9964.000000 
7540.000000 9971.000000 
7354.000000 9980.000000 
7871.000000 9937.000000 
7810.000000 9957.000000 
7820.000000 9938.000000 
7813.000000 9945.000000 
7929.000000 9929.000000 
7977.000000 9910.000000 
8050.000000 9894.000000 
8018.000000 9909.000000 
8041.000000 9902.000000 
8039.000000 9905.000000 
8145.000000 9884.000000 
8143.000000 9893.000000 
8186.000000 9883.000000 
8244.000000 9849.000000 
8194.000000 9855.000000 
8264.000000 9845.000000 
8402.000000 9818.000000 
8403.000000 9812.000000 
8425.000000 9792.000000 
8413.000000 9797.000000 
8427.000000 9783.000000 
8439.000000 9777.000000 
8450.000000 9769.000000 
8449.000000 9774.000000 
8409.000000 9811.000000 
8537.000000 9747.000000 
8573.000000 9734.000000 
8554.000000 9741.000000 
8583.000000 9725.000000 
8618.000000 9711.000000 
8647.000000 9665.000000 
8717.000000 9657.000000 
8759.000000 9654.000000 
8774.000000 9615.000000 
8814.000000 9614.000000 
8767.000000 9637.000000 
8817.000000 9581.000000 
8864.000000 9580.000000 
8882.000000 9561.000000 
8930.000000 9549.000000 
8955.000000 9487.000000 
8978.000000 9461.000000 
8965.000000 9471.000000 
8999.000000 9437.000000 
8953.000000 9521.000000 
8986.000000 9448.000000 
9044.000000 9421.000000 
8994.000000 9438.000000 
9023.000000 9430.000000 
9073.000000 9392.000000 
9083.000000 9382.000000 
9190.000000 9308.000000 
9157.000000 9356.000000 
9225.000000 9270.000000 
9213.000000 9276.000000 
9210.000000 9289.000000 
9228.000000 9249.000000 
9242.000000 9247.000000 
9201.000000 9293.000000 
9246.000000 9204.000000 
