
7740.000000 8709.000000 

7915.000000 9514.000000 

7886.000000 9465.000000 
7706.000000 9719.000000 
7747.000000 9711.000000 
7699.000000 9841.000000 
7694.000000 9843.000000 
7526.000000 10026.000000 
7675.000000 10018.000000 
7621.000000 10024.000000 
7594.000000 10025.000000 
7651.000000 10022.000000 
7662.000000 10021.000000 

7867.000000 9815.000000 
7826.000000 9960.000000 
7729.000000 9973.000000 
7642.000000 10026.000000 
7725.000000 10012.000000 
7669.000000 10013.000000 
7647.000000 10015.000000 

7715.000000 9547.000000 
7827.000000 9519.000000 
7737.000000 9538.000000 
7765.000000 9526.000000 
7679.000000 9597.000000 
7418.000000 10042.000000 
7386.000000 10046.000000 
7675.000000 10020.000000 
7603.000000 10033.000000 
7515.000000 10041.000000 
7577.000000 10038.000000 

7542.000000 10006.000000 
7763.000000 10001.000000 
7782.000000 9995.000000 

7907.000000 9938.000000 
7721.000000 9962.000000 
7687.000000 10011.000000 
7713.000000 10000.000000 

7103.000000 7417.000000 
7244.000000 6907.000000 

7103.000000 7417.000000 
6626.000000 7424.000000 
7374.000000 7114.000000 
7252.000000 7395.000000 
7328.000000 7350.000000 

7130.000000 7204.000000 
6824.000000 7272.000000 
6738.000000 7391.000000 
6584.000000 7508.000000 
7254.000000 7159.000000 

7234.000000 6953.000000 
7226.000000 7277.000000 
6930.000000 7313.000000 
6858.000000 7495.000000 
7540.000000 6660.000000 
