
7682.000000 10009.000000 
7708.000000 9996.000000 
7721.000000 9994.000000 
7804.000000 9988.000000 
7826.000000 9967.000000 
7896.000000 9951.000000 
7926.000000 9936.000000 
7867.000000 9961.000000 
7906.000000 9938.000000 
8006.000000 9916.000000 
8028.000000 9914.000000 
8036.000000 9912.000000 
8097.000000 9907.000000 
8148.000000 9877.000000 
8266.000000 9854.000000 
8253.000000 9857.000000 
8285.000000 9836.000000 
8243.000000 9871.000000 
8364.000000 9835.000000 
8411.000000 9777.000000 
8401.000000 9788.000000 
8454.000000 9751.000000 
8460.000000 9737.000000 
8481.000000 9735.000000 
8519.000000 9730.000000 
8547.000000 9715.000000 
8530.000000 9718.000000 
8592.000000 9694.000000 
8598.000000 9676.000000 
8624.000000 9667.000000 
8666.000000 9663.000000 
8671.000000 9650.000000 
8755.000000 9648.000000 
8778.000000 9613.000000 
8838.000000 9612.000000 
8897.000000 9577.000000 
8909.000000 9564.000000 
8871.000000 9602.000000 
8896.000000 9581.000000 
8919.000000 9561.000000 
8926.000000 9537.000000 
8942.000000 9519.000000 
8939.000000 9535.000000 
8983.000000 9479.000000 
8963.000000 9514.000000 
9023.000000 9427.000000 
9011.000000 9459.000000 
8987.000000 9464.000000 
9057.000000 9402.000000 
9068.000000 9379.000000 
9055.000000 9424.000000 
9115.000000 9367.000000 
9085.000000 9368.000000 
9125.000000 9363.000000 
9147.000000 9300.000000 
9146.000000 9328.000000 
9195.000000 9282.000000 
9149.000000 9290.000000 
9218.000000 9217.000000 
9205.000000 9242.000000 
9201.000000 9244.000000 
9241.000000 9182.000000 
9251.000000 9160.000000 
9237.000000 9183.000000 
9283.000000 9146.000000 
9314.000000 9091.000000 
9299.000000 9118.000000 
9298.000000 9134.000000 
9312.000000 9111.000000 

7844.000000 9945.000000 
7808.000000 9946.000000 
7855.000000 9942.000000 
7754.000000 9962.000000 
7762.000000 9948.000000 
7759.000000 9959.000000 
7787.000000 9947.000000 
7856.000000 9939.000000 
7981.000000 9937.000000 
8007.000000 9928.000000 
8018.000000 9912.000000 
8157.000000 9897.000000 
8165.000000 9879.000000 
8202.000000 9872.000000 
8078.000000 9900.000000 
8247.000000 9846.000000 
8286.000000 9827.000000 
8271.000000 9841.000000 
8296.000000 9806.000000 
8421.000000 9801.000000 
8436.000000 9767.000000 
8433.000000 9785.000000 
8393.000000 9805.000000 
8534.000000 9751.000000 
8461.000000 9764.000000 
8435.000000 9776.000000 
8490.000000 9758.000000 
8683.000000 9698.000000 
8629.000000 9713.000000 
8603.000000 9733.000000 
8687.000000 9688.000000 
8713.000000 9681.000000 
8740.000000 9655.000000 
8850.000000 9558.000000 
8828.000000 9602.000000 
8808.000000 9627.000000 
8814.000000 9606.000000 
8784.000000 9645.000000 
8851.000000 9551.000000 
8844.000000 9581.000000 
8846.000000 9571.000000 
8893.000000 9538.000000 
8878.000000 9545.000000 
8931.000000 9459.000000 
8953.000000 9457.000000 
8897.000000 9495.000000 
8930.000000 9491.000000 
8989.000000 9438.000000 
9009.000000 9402.000000 
9019.000000 9384.000000 
8999.000000 9405.000000 
9076.000000 9381.000000 
9090.000000 9373.000000 
9118.000000 9302.000000 
9136.000000 9282.000000 
9103.000000 9315.000000 
9184.000000 9217.000000 
9173.000000 9218.000000 
9204.000000 9204.000000 
9172.000000 9253.000000 
9264.000000 9190.000000 
9311.000000 9152.000000 
9286.000000 9171.000000 
9354.000000 9063.000000 
9336.000000 9120.000000 
9341.000000 9101.000000 
9342.000000 9074.000000 

7983.000000 9961.000000 
8172.000000 9939.000000 
8227.000000 9923.000000 
8199.000000 9927.000000 
8283.000000 9901.000000 
8254.000000 9920.000000 
8299.000000 9872.000000 
8359.000000 9850.000000 
8319.000000 9871.000000 
8298.000000 9890.000000 
8348.000000 9854.000000 
8365.000000 9847.000000 
8384.000000 9834.000000 
8450.000000 9820.000000 
8414.000000 9825.000000 
8436.000000 9824.000000 
8607.000000 9743.000000 
8551.000000 9745.000000 
8548.000000 9757.000000 
8730.000000 9707.000000 
8696.000000 9715.000000 
8783.000000 9665.000000 
8737.000000 9703.000000 
8744.000000 9672.000000 
8791.000000 9644.000000 
8826.000000 9611.000000 
8796.000000 9619.000000 
8840.000000 9609.000000 
8964.000000 9538.000000 
8914.000000 9564.000000 
8949.000000 9559.000000 
8985.000000 9512.000000 
8968.000000 9533.000000 
9072.000000 9461.000000 
8995.000000 9486.000000 
9029.000000 9482.000000 
9096.000000 9457.000000 
9041.000000 9479.000000 
9052.000000 9464.000000 
