
7502.000000 10007.000000 
7438.000000 10009.000000 
7537.000000 10006.000000 
7634.000000 10005.000000 
7671.000000 10000.000000 
7758.000000 9972.000000 
7744.000000 9996.000000 
8052.000000 9949.000000 
8018.000000 9962.000000 
8115.000000 9929.000000 
8106.000000 9931.000000 
8116.000000 9926.000000 
8098.000000 9945.000000 
8185.000000 9915.000000 
8154.000000 9925.000000 
8158.000000 9919.000000 
8243.000000 9867.000000 
8206.000000 9892.000000 
8214.000000 9886.000000 
8307.000000 9832.000000 
8276.000000 9852.000000 
8438.000000 9803.000000 
8538.000000 9761.000000 
8602.000000 9705.000000 
8587.000000 9713.000000 
8580.000000 9719.000000 
8709.000000 9677.000000 
8752.000000 9672.000000 
8762.000000 9652.000000 
8821.000000 9559.000000 
8827.000000 9547.000000 
8815.000000 9572.000000 
8869.000000 9518.000000 
8839.000000 9535.000000 
8856.000000 9521.000000 
8875.000000 9498.000000 
8937.000000 9459.000000 
8975.000000 9419.000000 
8958.000000 9439.000000 
8945.000000 9441.000000 
8935.000000 9470.000000 
8963.000000 9424.000000 
8940.000000 9448.000000 
9001.000000 9409.000000 
9021.000000 9384.000000 
9027.000000 9366.000000 
9050.000000 9351.000000 
9112.000000 9321.000000 
9048.000000 9352.000000 
9045.000000 9364.000000 
9055.000000 9344.000000 
9106.000000 9335.000000 
9138.000000 9304.000000 
9177.000000 9281.000000 
9143.000000 9285.000000 
9205.000000 9261.000000 
9238.000000 9191.000000 
9214.000000 9254.000000 
9232.000000 9220.000000 
9224.000000 9222.000000 
9283.000000 9153.000000 
9280.000000 9158.000000 
9296.000000 9148.000000 
9298.000000 9138.000000 
9267.000000 9182.000000 
9286.000000 9150.000000 
9312.000000 9118.000000 
9325.000000 9114.000000 
9311.000000 9129.000000 

7858.000000 9976.000000 
7862.000000 9971.000000 
7816.000000 9988.000000 
7825.000000 9979.000000 
7887.000000 9969.000000 
7979.000000 9968.000000 
8071.000000 9964.000000 
8114.000000 9890.000000 
8318.000000 9857.000000 
8355.000000 9839.000000 
8400.000000 9836.000000 
8412.000000 9825.000000 
8430.000000 9807.000000 
8435.000000 9803.000000 
8427.000000 9808.000000 
8460.000000 9788.000000 
8449.000000 9797.000000 
8575.000000 9748.000000 
8548.000000 9781.000000 
8593.000000 9739.000000 
8583.000000 9743.000000 
8601.000000 9727.000000 
8604.000000 9724.000000 
8606.000000 9719.000000 
8621.000000 9709.000000 
8641.000000 9708.000000 
8698.000000 9664.000000 
8702.000000 9659.000000 
8697.000000 9675.000000 
8769.000000 9641.000000 
8786.000000 9614.000000 
8798.000000 9609.000000 
8813.000000 9604.000000 
8775.000000 9625.000000 
8838.000000 9590.000000 
8848.000000 9567.000000 
8856.000000 9556.000000 
8959.000000 9500.000000 
8963.000000 9498.000000 
8994.000000 9496.000000 
9011.000000 9455.000000 
9040.000000 9430.000000 
9013.000000 9452.000000 
9049.000000 9425.000000 
9030.000000 9437.000000 
9001.000000 9464.000000 
9100.000000 9421.000000 
9102.000000 9399.000000 
9138.000000 9374.000000 
9105.000000 9389.000000 
9134.000000 9388.000000 
9161.000000 9354.000000 
9183.000000 9333.000000 
9182.000000 9339.000000 
9173.000000 9340.000000 
9137.000000 9376.000000 
9166.000000 9346.000000 
9208.000000 9309.000000 
9223.000000 9302.000000 
9265.000000 9266.000000 
9248.000000 9294.000000 
9260.000000 9274.000000 
9266.000000 9245.000000 
9311.000000 9223.000000 
9346.000000 9199.000000 
9369.000000 9175.000000 
9368.000000 9178.000000 
9393.000000 9125.000000 
9370.000000 9156.000000 

7607.000000 10001.000000 
7614.000000 9998.000000 
7704.000000 9997.000000 
7877.000000 9986.000000 
7858.000000 9993.000000 
7891.000000 9979.000000 
7878.000000 9982.000000 
7889.000000 9980.000000 
7937.000000 9973.000000 
7928.000000 9977.000000 
7969.000000 9962.000000 
8051.000000 9958.000000 
8145.000000 9928.000000 
8121.000000 9951.000000 
8166.000000 9920.000000 
8135.000000 9929.000000 
8209.000000 9916.000000 
8132.000000 9940.000000 
8221.000000 9906.000000 
8310.000000 9879.000000 
8247.000000 9895.000000 
8248.000000 9890.000000 
8270.000000 9887.000000 
8344.000000 9873.000000 
8394.000000 9854.000000 
8327.000000 9874.000000 
8381.000000 9869.000000 
8459.000000 9833.000000 
8421.000000 9836.000000 
8491.000000 9820.000000 
8518.000000 9799.000000 
8513.000000 9812.000000 
8535.000000 9798.000000 
8556.000000 9755.000000 
8562.000000 9743.000000 
8537.000000 9759.000000 
8597.000000 9738.000000 
8667.000000 9732.000000 
8724.000000 9722.000000 
8757.000000 9690.000000 
8762.000000 9681.000000 
8771.000000 9677.000000 
8735.000000 9704.000000 
8754.000000 9699.000000 
8809.000000 9655.000000 
8845.000000 9624.000000 
8853.000000 9621.000000 
8959.000000 9557.000000 
8946.000000 9579.000000 
8925.000000 9602.000000 
8980.000000 9490.000000 
8979.000000 9512.000000 
8975.000000 9515.000000 
8964.000000 9518.000000 
9021.000000 9482.000000 
9087.000000 9459.000000 
9108.000000 9421.000000 
9138.000000 9397.000000 
9159.000000 9362.000000 
9176.000000 9326.000000 
9195.000000 9305.000000 
9207.000000 9301.000000 
9228.000000 9298.000000 
9241.000000 9269.000000 
9264.000000 9242.000000 

7357.000000 10028.000000 
7245.000000 10043.000000 
7323.000000 10035.000000 
7271.000000 10042.000000 
7613.000000 9997.000000 
7539.000000 10014.000000 
7498.000000 10015.000000 
7481.000000 10027.000000 
7705.000000 9948.000000 
7859.000000 9925.000000 
7902.000000 9923.000000 
8044.000000 9895.000000 
8092.000000 9891.000000 
8150.000000 9882.000000 
8153.000000 9870.000000 
8235.000000 9857.000000 
8303.000000 9850.000000 
8206.000000 9862.000000 
8376.000000 9827.000000 
8409.000000 9825.000000 
8481.000000 9822.000000 
8531.000000 9802.000000 
8522.000000 9808.000000 
8596.000000 9786.000000 
8595.000000 9797.000000 
8651.000000 9748.000000 
8622.000000 9774.000000 
8606.000000 9777.000000 
8625.000000 9763.000000 
8669.000000 9729.000000 
8739.000000 9686.000000 
8723.000000 9714.000000 
8690.000000 9725.000000 
8790.000000 9650.000000 
8814.000000 9646.000000 
8780.000000 9669.000000 
8777.000000 9676.000000 
8864.000000 9595.000000 
8863.000000 9621.000000 
8877.000000 9592.000000 
8929.000000 9565.000000 
8944.000000 9552.000000 
8911.000000 9582.000000 
8930.000000 9558.000000 
8904.000000 9590.000000 
8946.000000 9531.000000 
8978.000000 9518.000000 
8948.000000 9522.000000 
8991.000000 9478.000000 
9028.000000 9448.000000 
9001.000000 9475.000000 
9017.000000 9466.000000 
9027.000000 9453.000000 
9050.000000 9417.000000 
9035.000000 9429.000000 
9115.000000 9376.000000 
9088.000000 9412.000000 
9103.000000 9381.000000 
9089.000000 9405.000000 
9107.000000 9379.000000 
9130.000000 9346.000000 
9146.000000 9336.000000 
9118.000000 9367.000000 
9161.000000 9304.000000 
9154.000000 9313.000000 
9180.000000 9301.000000 
9192.000000 9272.000000 

7505.000000 9991.000000 
7647.000000 9984.000000 
7745.000000 9983.000000 
7810.000000 9979.000000 
7970.000000 9964.000000 
7987.000000 9959.000000 
8055.000000 9952.000000 
8093.000000 9934.000000 
8140.000000 9933.000000 
8196.000000 9925.000000 
8204.000000 9911.000000 
8289.000000 9894.000000 
8258.000000 9905.000000 
8276.000000 9896.000000 
8315.000000 9883.000000 
8320.000000 9871.000000 
8334.000000 9869.000000 
8353.000000 9867.000000 
8300.000000 9884.000000 
8370.000000 9836.000000 
8395.000000 9811.000000 
8386.000000 9819.000000 
8545.000000 9804.000000 
8575.000000 9770.000000 
8597.000000 9745.000000 
8585.000000 9764.000000 
8622.000000 9742.000000 
8670.000000 9727.000000 
8625.000000 9730.000000 
8690.000000 9711.000000 
8708.000000 9696.000000 
8717.000000 9683.000000 
8672.000000 9720.000000 
8734.000000 9664.000000 
8722.000000 9681.000000 
8793.000000 9611.000000 
8762.000000 9651.000000 
8772.000000 9633.000000 
8789.000000 9624.000000 
8823.000000 9581.000000 
8806.000000 9588.000000 
8855.000000 9564.000000 
8867.000000 9562.000000 
8938.000000 9477.000000 
8906.000000 9533.000000 
8933.000000 9517.000000 
8984.000000 9467.000000 
8905.000000 9541.000000 
9015.000000 9451.000000 
9033.000000 9405.000000 
9025.000000 9422.000000 
9049.000000 9399.000000 
9084.000000 9378.000000 
9057.000000 9385.000000 
9092.000000 9342.000000 
9087.000000 9348.000000 
9131.000000 9325.000000 
9154.000000 9313.000000 
9162.000000 9304.000000 
9138.000000 9320.000000 
9181.000000 9297.000000 
9196.000000 9296.000000 

7522.000000 9967.000000 
7405.000000 9979.000000 
7533.000000 9955.000000 
7530.000000 9958.000000 
7442.000000 9972.000000 
7763.000000 9935.000000 
7782.000000 9918.000000 
7804.000000 9916.000000 
7768.000000 9929.000000 
7769.000000 9928.000000 
7787.000000 9917.000000 
7773.000000 9923.000000 
7901.000000 9912.000000 
7912.000000 9903.000000 
8017.000000 9884.000000 
7992.000000 9891.000000 
8156.000000 9870.000000 
8113.000000 9875.000000 
8196.000000 9832.000000 
8243.000000 9801.000000 
8234.000000 9821.000000 
8252.000000 9795.000000 
8266.000000 9790.000000 
8413.000000 9759.000000 
8429.000000 9752.000000 
8467.000000 9748.000000 
8406.000000 9766.000000 
8404.000000 9774.000000 
8482.000000 9735.000000 
8581.000000 9733.000000 
8648.000000 9718.000000 
8652.000000 9702.000000 
8636.000000 9727.000000 
8684.000000 9667.000000 
8662.000000 9689.000000 
8677.000000 9683.000000 
8757.000000 9617.000000 
8768.000000 9593.000000 
8730.000000 9651.000000 
8911.000000 9520.000000 
8926.000000 9501.000000 
8898.000000 9554.000000 
8826.000000 9566.000000 
8941.000000 9437.000000 
8956.000000 9423.000000 
9094.000000 9311.000000 
9058.000000 9353.000000 
9074.000000 9321.000000 
9053.000000 9366.000000 
9060.000000 9335.000000 
9038.000000 9379.000000 
9147.000000 9273.000000 
9157.000000 9250.000000 
9133.000000 9290.000000 
9136.000000 9282.000000 
9152.000000 9259.000000 
9155.000000 9256.000000 
9267.000000 9144.000000 
9265.000000 9162.000000 
9260.000000 9241.000000 

7834.000000 9994.000000 
7874.000000 9988.000000 
7996.000000 9959.000000 
8008.000000 9955.000000 
8034.000000 9946.000000 
8032.000000 9947.000000 
7988.000000 9977.000000 
8098.000000 9926.000000 
8072.000000 9937.000000 
8135.000000 9922.000000 
8073.000000 9933.000000 
8172.000000 9907.000000 
8150.000000 9915.000000 
8237.000000 9900.000000 
8317.000000 9891.000000 
8293.000000 9899.000000 
8362.000000 9890.000000 
8404.000000 9858.000000 
8403.000000 9863.000000 
8419.000000 9837.000000 
8420.000000 9828.000000 
8462.000000 9825.000000 
8465.000000 9813.000000 
8485.000000 9790.000000 
8537.000000 9786.000000 
8498.000000 9789.000000 
8593.000000 9753.000000 
8557.000000 9760.000000 
8560.000000 9758.000000 
8680.000000 9709.000000 
8676.000000 9711.000000 
8703.000000 9705.000000 
8771.000000 9678.000000 
8731.000000 9680.000000 
8813.000000 9657.000000 
8819.000000 9641.000000 
8842.000000 9608.000000 
8807.000000 9674.000000 
8837.000000 9637.000000 
8855.000000 9584.000000 
8853.000000 9606.000000 
8907.000000 9562.000000 
8948.000000 9531.000000 
8925.000000 9555.000000 
8966.000000 9499.000000 
8983.000000 9483.000000 
9011.000000 9453.000000 
8987.000000 9474.000000 
9009.000000 9462.000000 
9034.000000 9440.000000 
8954.000000 9505.000000 
9052.000000 9409.000000 
9046.000000 9411.000000 
9045.000000 9418.000000 
9037.000000 9422.000000 
9060.000000 9408.000000 
9085.000000 9379.000000 
9095.000000 9360.000000 
9083.000000 9391.000000 
9087.000000 9366.000000 
9136.000000 9334.000000 
9153.000000 9323.000000 
9211.000000 9257.000000 
9193.000000 9310.000000 
9207.000000 9267.000000 
9200.000000 9275.000000 
9227.000000 9246.000000 
9259.000000 9224.000000 
9265.000000 9217.000000 
9260.000000 9220.000000 
9284.000000 9210.000000 
9304.000000 9196.000000 
9332.000000 9174.000000 
9316.000000 9183.000000 

7585.000000 10028.000000 
7591.000000 10023.000000 
7783.000000 10008.000000 
7735.000000 10012.000000 
7804.000000 9979.000000 
7621.000000 10017.000000 
7799.000000 9983.000000 
7791.000000 9984.000000 
7831.000000 9962.000000 
7914.000000 9956.000000 
7900.000000 9958.000000 
7958.000000 9943.000000 
7931.000000 9945.000000 
7936.000000 9944.000000 
7976.000000 9932.000000 
8001.000000 9929.000000 
7924.000000 9947.000000 
8052.000000 9918.000000 
8022.000000 9924.000000 
8049.000000 9919.000000 
8056.000000 9917.000000 
8137.000000 9909.000000 
8064.000000 9916.000000 
8106.000000 9913.000000 
8153.000000 9898.000000 
8163.000000 9894.000000 
8165.000000 9893.000000 
8195.000000 9885.000000 
8201.000000 9866.000000 
8363.000000 9857.000000 
8392.000000 9834.000000 
8381.000000 9835.000000 
8366.000000 9836.000000 
8481.000000 9762.000000 
8512.000000 9753.000000 
8476.000000 9769.000000 
8513.000000 9736.000000 
8521.000000 9717.000000 
8517.000000 9721.000000 
8556.000000 9705.000000 
8543.000000 9716.000000 
8573.000000 9700.000000 
8614.000000 9659.000000 
8584.000000 9696.000000 
8611.000000 9679.000000 
8678.000000 9643.000000 
8714.000000 9627.000000 
8750.000000 9616.000000 
8785.000000 9597.000000 
8679.000000 9634.000000 
8829.000000 9567.000000 
8842.000000 9556.000000 
8887.000000 9524.000000 
8949.000000 9506.000000 
8912.000000 9514.000000 
8952.000000 9491.000000 
8961.000000 9472.000000 
8972.000000 9465.000000 
8953.000000 9477.000000 
9000.000000 9451.000000 
8993.000000 9463.000000 
9058.000000 9399.000000 
9016.000000 9421.000000 
9033.000000 9416.000000 
9070.000000 9356.000000 
9059.000000 9381.000000 
9074.000000 9346.000000 
9137.000000 9333.000000 
9086.000000 9340.000000 
9214.000000 9228.000000 
9203.000000 9268.000000 
9223.000000 9227.000000 
9207.000000 9244.000000 
9259.000000 9189.000000 
9248.000000 9226.000000 
9307.000000 9154.000000 
9312.000000 9151.000000 
9304.000000 9166.000000 
9341.000000 9121.000000 
9355.000000 9097.000000 
9375.000000 9076.000000 
9385.000000 9072.000000 

7412.000000 10027.000000 
7471.000000 10018.000000 
7491.000000 10014.000000 
7427.000000 10020.000000 
7407.000000 10030.000000 
7680.000000 10006.000000 
7770.000000 9987.000000 
7759.000000 10004.000000 
7857.000000 9984.000000 
7762.000000 9992.000000 
7917.000000 9956.000000 
7882.000000 9969.000000 
7932.000000 9937.000000 
7947.000000 9935.000000 
7931.000000 9938.000000 
7930.000000 9944.000000 
7885.000000 9964.000000 
8217.000000 9887.000000 
8210.000000 9899.000000 
8212.000000 9897.000000 
8222.000000 9886.000000 
8227.000000 9877.000000 
8207.000000 9906.000000 
8302.000000 9874.000000 
8319.000000 9867.000000 
8345.000000 9856.000000 
8376.000000 9837.000000 
8383.000000 9834.000000 
8371.000000 9843.000000 
8384.000000 9826.000000 
8430.000000 9798.000000 
8386.000000 9824.000000 
8464.000000 9787.000000 
8424.000000 9808.000000 
8500.000000 9781.000000 
8519.000000 9777.000000 
8536.000000 9769.000000 
8535.000000 9770.000000 
8559.000000 9745.000000 
8523.000000 9773.000000 
8557.000000 9751.000000 
8591.000000 9741.000000 
8550.000000 9758.000000 
8593.000000 9730.000000 
8621.000000 9702.000000 
8660.000000 9700.000000 
8680.000000 9687.000000 
8685.000000 9670.000000 
8682.000000 9684.000000 
8687.000000 9665.000000 
8716.000000 9659.000000 
8730.000000 9652.000000 
8761.000000 9641.000000 
8750.000000 9643.000000 
8792.000000 9627.000000 
8767.000000 9630.000000 
8805.000000 9621.000000 
8913.000000 9551.000000 
8845.000000 9592.000000 
8864.000000 9560.000000 
8852.000000 9570.000000 
8958.000000 9513.000000 
8965.000000 9493.000000 
8975.000000 9489.000000 
9064.000000 9466.000000 
9063.000000 9473.000000 
9086.000000 9440.000000 
9081.000000 9454.000000 
9104.000000 9429.000000 
9065.000000 9461.000000 

7680.000000 9965.000000 
7766.000000 9953.000000 
8214.000000 9880.000000 
8181.000000 9896.000000 
7928.000000 9933.000000 
8131.000000 9912.000000 
8112.000000 9916.000000 
8236.000000 9838.000000 
8296.000000 9817.000000 
8275.000000 9830.000000 
8599.000000 9737.000000 
8647.000000 9710.000000 
8624.000000 9713.000000 
8696.000000 9669.000000 
8656.000000 9709.000000 
8687.000000 9689.000000 
8698.000000 9668.000000 
8720.000000 9625.000000 
8719.000000 9642.000000 
8741.000000 9613.000000 
8779.000000 9565.000000 
8808.000000 9564.000000 
8911.000000 9502.000000 
8856.000000 9504.000000 
8974.000000 9461.000000 
8989.000000 9427.000000 

7895.000000 9979.000000 
7956.000000 9970.000000 
7886.000000 9984.000000 
7912.000000 9974.000000 
8010.000000 9963.000000 
8018.000000 9960.000000 
8076.000000 9951.000000 
8217.000000 9928.000000 
8179.000000 9941.000000 
8224.000000 9904.000000 
8147.000000 9947.000000 
8205.000000 9930.000000 
8250.000000 9898.000000 
8299.000000 9884.000000 
8188.000000 9934.000000 
8236.000000 9899.000000 
8410.000000 9857.000000 
8415.000000 9796.000000 
8462.000000 9791.000000 
8656.000000 9696.000000 
8717.000000 9673.000000 
8682.000000 9674.000000 
8808.000000 9599.000000 
8752.000000 9607.000000 
8782.000000 9600.000000 
8831.000000 9575.000000 
8844.000000 9551.000000 
8902.000000 9499.000000 
8883.000000 9525.000000 
8823.000000 9579.000000 
8979.000000 9434.000000 
8989.000000 9397.000000 
8971.000000 9479.000000 

7788.000000 9978.000000 
7742.000000 9989.000000 
7815.000000 9975.000000 
7839.000000 9971.000000 
7897.000000 9968.000000 
7983.000000 9965.000000 
8096.000000 9946.000000 
8043.000000 9954.000000 
7990.000000 9958.000000 
8072.000000 9953.000000 
8129.000000 9935.000000 
8178.000000 9920.000000 
8149.000000 9921.000000 
8264.000000 9905.000000 
8234.000000 9915.000000 
8333.000000 9866.000000 
8283.000000 9870.000000 
8282.000000 9890.000000 
8371.000000 9858.000000 
8375.000000 9831.000000 
8372.000000 9833.000000 
8454.000000 9819.000000 
8432.000000 9827.000000 
8481.000000 9803.000000 
8497.000000 9763.000000 
8486.000000 9782.000000 
8488.000000 9777.000000 
8473.000000 9807.000000 
8493.000000 9765.000000 
8577.000000 9752.000000 
8612.000000 9731.000000 
8629.000000 9718.000000 
8692.000000 9686.000000 
8727.000000 9655.000000 
8672.000000 9696.000000 
8641.000000 9709.000000 
8769.000000 9603.000000 
8757.000000 9630.000000 
8794.000000 9594.000000 
8742.000000 9650.000000 
8779.000000 9597.000000 
8830.000000 9572.000000 
8862.000000 9530.000000 
8848.000000 9553.000000 
8843.000000 9569.000000 
8858.000000 9537.000000 
8796.000000 9588.000000 
8819.000000 9584.000000 
8875.000000 9495.000000 
8850.000000 9540.000000 
8885.000000 9489.000000 
8934.000000 9438.000000 
8891.000000 9468.000000 
8950.000000 9419.000000 

7449.000000 9983.000000 
7726.000000 9975.000000 
7689.000000 9980.000000 
7859.000000 9972.000000 
7896.000000 9971.000000 
7781.000000 9974.000000 
8103.000000 9907.000000 
8084.000000 9923.000000 
8166.000000 9888.000000 
8085.000000 9920.000000 
8130.000000 9904.000000 
8233.000000 9876.000000 
8287.000000 9819.000000 
8275.000000 9821.000000 
8259.000000 9865.000000 
8260.000000 9856.000000 
8262.000000 9844.000000 
8323.000000 9787.000000 
8342.000000 9785.000000 
8409.000000 9751.000000 
8445.000000 9742.000000 
8429.000000 9750.000000 
8449.000000 9735.000000 
8403.000000 9780.000000 
8454.000000 9727.000000 
8530.000000 9725.000000 
8674.000000 9660.000000 
8634.000000 9681.000000 
8644.000000 9666.000000 
8719.000000 9642.000000 
8818.000000 9608.000000 
8867.000000 9583.000000 
8845.000000 9600.000000 
8910.000000 9554.000000 
8810.000000 9609.000000 
8959.000000 9535.000000 
9048.000000 9453.000000 
9013.000000 9456.000000 
8991.000000 9510.000000 
9009.000000 9473.000000 
9012.000000 9469.000000 

6629.000000 9856.000000 
6611.000000 9859.000000 
6594.000000 9860.000000 
6785.000000 9855.000000 
6971.000000 9828.000000 
7001.000000 9819.000000 
6953.000000 9843.000000 
7034.000000 9812.000000 
6983.000000 9827.000000 
7082.000000 9790.000000 
7072.000000 9791.000000 
7069.000000 9809.000000 
7175.000000 9780.000000 
7253.000000 9764.000000 
7257.000000 9763.000000 
7287.000000 9754.000000 
7399.000000 9739.000000 
7466.000000 9689.000000 
7514.000000 9661.000000 
7522.000000 9642.000000 
7528.000000 9638.000000 
7556.000000 9634.000000 
7508.000000 9668.000000 
7633.000000 9606.000000 
7771.000000 9525.000000 
7811.000000 9508.000000 
7864.000000 9467.000000 
7938.000000 9417.000000 
7702.000000 9582.000000 
7791.000000 9516.000000 
8011.000000 9360.000000 
7866.000000 9462.000000 
8065.000000 9338.000000 

6950.000000 9905.000000 
6975.000000 9894.000000 
6868.000000 9915.000000 
6958.000000 9895.000000 
6984.000000 9891.000000 
7018.000000 9885.000000 
7023.000000 9880.000000 
7195.000000 9873.000000 
7172.000000 9877.000000 
7466.000000 9781.000000 
7501.000000 9775.000000 
7504.000000 9767.000000 
7545.000000 9748.000000 
7538.000000 9755.000000 
7608.000000 9744.000000 
7685.000000 9722.000000 
7748.000000 9683.000000 
7854.000000 9618.000000 
7837.000000 9619.000000 
7815.000000 9624.000000 
7859.000000 9599.000000 
7872.000000 9577.000000 
7922.000000 9555.000000 
7881.000000 9572.000000 
7898.000000 9562.000000 
7961.000000 9528.000000 
8053.000000 9465.000000 
8048.000000 9472.000000 
8044.000000 9491.000000 
8078.000000 9457.000000 
8083.000000 9447.000000 
8126.000000 9396.000000 
8104.000000 9425.000000 
8111.000000 9417.000000 
8147.000000 9395.000000 
8100.000000 9439.000000 
8122.000000 9410.000000 
8220.000000 9361.000000 
8330.000000 9297.000000 
8397.000000 9233.000000 
8194.000000 9365.000000 
8187.000000 9373.000000 

6874.000000 9817.000000 
6730.000000 9868.000000 
6768.000000 9866.000000 
6750.000000 9867.000000 
6798.000000 9862.000000 
6832.000000 9857.000000 
6962.000000 9804.000000 
7067.000000 9786.000000 
7164.000000 9783.000000 
7174.000000 9778.000000 
7189.000000 9776.000000 
7197.000000 9769.000000 
7167.000000 9779.000000 
7224.000000 9756.000000 
7244.000000 9747.000000 
7234.000000 9748.000000 
7339.000000 9738.000000 
7380.000000 9724.000000 
7426.000000 9687.000000 
7393.000000 9710.000000 
7410.000000 9699.000000 
7411.000000 9689.000000 
7485.000000 9678.000000 
7643.000000 9618.000000 
7664.000000 9606.000000 
7707.000000 9550.000000 
7716.000000 9539.000000 
7733.000000 9537.000000 
7754.000000 9531.000000 
7713.000000 9545.000000 
7834.000000 9492.000000 
7980.000000 9403.000000 
7887.000000 9460.000000 
7986.000000 9390.000000 
8034.000000 9335.000000 
8105.000000 9221.000000 
8135.000000 9215.000000 
8101.000000 9245.000000 
8230.000000 9140.000000 
8079.000000 9296.000000 
8259.000000 9117.000000 
8163.000000 9194.000000 

7176.000000 9493.000000 
7161.000000 9494.000000 
7065.000000 9532.000000 
7018.000000 9571.000000 
6944.000000 9588.000000 
6941.000000 9598.000000 
6683.000000 9656.000000 
6738.000000 9649.000000 
6703.000000 9655.000000 
6784.000000 9645.000000 
6985.000000 9581.000000 
6892.000000 9627.000000 
7149.000000 9511.000000 
7361.000000 9417.000000 
7359.000000 9425.000000 
7518.000000 9374.000000 
7305.000000 9468.000000 
7506.000000 9376.000000 
7557.000000 9361.000000 
7734.000000 9237.000000 
7631.000000 9308.000000 
7709.000000 9256.000000 
7759.000000 9222.000000 
8001.000000 9059.000000 
7815.000000 9172.000000 
8076.000000 9002.000000 
7948.000000 9081.000000 

7242.000000 9654.000000 
7192.000000 9675.000000 
7077.000000 9732.000000 
7088.000000 9727.000000 
7113.000000 9726.000000 
7043.000000 9733.000000 
7025.000000 9740.000000 
7159.000000 9714.000000 
7367.000000 9578.000000 
7387.000000 9564.000000 
7375.000000 9571.000000 
7269.000000 9639.000000 
7546.000000 9537.000000 
7519.000000 9549.000000 
7507.000000 9555.000000 
7612.000000 9535.000000 
7631.000000 9507.000000 
7682.000000 9504.000000 
7706.000000 9503.000000 
7761.000000 9461.000000 
7836.000000 9407.000000 
7846.000000 9394.000000 
7916.000000 9353.000000 
8028.000000 9246.000000 
8004.000000 9283.000000 
8024.000000 9262.000000 
8112.000000 9216.000000 
8148.000000 9186.000000 
8196.000000 9140.000000 
8219.000000 9108.000000 
8170.000000 9144.000000 

7427.000000 9525.000000 
7122.000000 9658.000000 
7079.000000 9668.000000 
7052.000000 9672.000000 
7021.000000 9690.000000 
7030.000000 9689.000000 
7013.000000 9709.000000 
7007.000000 9710.000000 
6765.000000 9738.000000 
6810.000000 9737.000000 
6937.000000 9732.000000 
6972.000000 9726.000000 
7491.000000 9500.000000 
7265.000000 9638.000000 
7259.000000 9646.000000 
7458.000000 9513.000000 
7345.000000 9576.000000 
7353.000000 9541.000000 
7371.000000 9540.000000 
7509.000000 9485.000000 
7702.000000 9403.000000 
7441.000000 9514.000000 
7422.000000 9530.000000 
7514.000000 9482.000000 
7590.000000 9441.000000 
7843.000000 9322.000000 
7919.000000 9277.000000 
7762.000000 9361.000000 
7656.000000 9440.000000 
7661.000000 9427.000000 
7674.000000 9411.000000 
7967.000000 9150.000000 
7813.000000 9332.000000 
