
7821.000000 9977.000000 
7901.000000 9953.000000 
7830.000000 9956.000000 

7488.000000 10031.000000 
7367.000000 10034.000000 
7524.000000 10025.000000 
7517.000000 10026.000000 
7535.000000 10018.000000 
7557.000000 10004.000000 
7681.000000 9996.000000 
7976.000000 9960.000000 
7907.000000 9970.000000 
7896.000000 9984.000000 
7908.000000 9966.000000 
7992.000000 9955.000000 
8051.000000 9934.000000 
8027.000000 9937.000000 
8007.000000 9943.000000 
8061.000000 9928.000000 
8063.000000 9926.000000 
8264.000000 9882.000000 
8316.000000 9877.000000 
8249.000000 9913.000000 
8260.000000 9888.000000 
8255.000000 9889.000000 
8399.000000 9834.000000 
8359.000000 9839.000000 
8463.000000 9820.000000 
8458.000000 9828.000000 
8423.000000 9833.000000 
8506.000000 9812.000000 
8474.000000 9816.000000 
8507.000000 9801.000000 
8568.000000 9774.000000 
8608.000000 9751.000000 
8578.000000 9758.000000 
8581.000000 9757.000000 
8637.000000 9723.000000 
8626.000000 9742.000000 
8614.000000 9745.000000 
8629.000000 9731.000000 
8640.000000 9715.000000 
8708.000000 9714.000000 
8738.000000 9705.000000 
8782.000000 9691.000000 
8784.000000 9652.000000 
8807.000000 9637.000000 
8806.000000 9647.000000 

7611.000000 9954.000000 
7541.000000 9967.000000 
7577.000000 9966.000000 
7599.000000 9957.000000 
7872.000000 9938.000000 
7850.000000 9952.000000 
8013.000000 9900.000000 
7978.000000 9903.000000 
7943.000000 9931.000000 

7587.000000 10001.000000 
7569.000000 10012.000000 
7560.000000 10014.000000 
7802.000000 10000.000000 
7901.000000 9982.000000 
7935.000000 9976.000000 
7968.000000 9972.000000 
7931.000000 9981.000000 
7995.000000 9964.000000 
8102.000000 9938.000000 
8081.000000 9949.000000 
8104.000000 9936.000000 
8060.000000 9961.000000 
8055.000000 9962.000000 
8264.000000 9919.000000 
8198.000000 9933.000000 
8279.000000 9914.000000 
8308.000000 9912.000000 
8255.000000 9921.000000 
8335.000000 9875.000000 
8364.000000 9862.000000 
8324.000000 9888.000000 
8384.000000 9859.000000 
8399.000000 9828.000000 
8394.000000 9836.000000 
8462.000000 9804.000000 
8440.000000 9824.000000 
8453.000000 9813.000000 
8502.000000 9792.000000 
8516.000000 9770.000000 
8469.000000 9793.000000 
8563.000000 9761.000000 
8554.000000 9767.000000 
8590.000000 9756.000000 
8608.000000 9728.000000 
8618.000000 9726.000000 
8635.000000 9725.000000 
8656.000000 9705.000000 
8603.000000 9744.000000 
8607.000000 9739.000000 
8665.000000 9689.000000 
8704.000000 9688.000000 
8709.000000 9667.000000 
8754.000000 9644.000000 
8760.000000 9630.000000 
8873.000000 9550.000000 
8862.000000 9561.000000 
8864.000000 9553.000000 
8880.000000 9547.000000 
8858.000000 9611.000000 
8962.000000 9502.000000 
8950.000000 9525.000000 
8927.000000 9539.000000 
8973.000000 9497.000000 
8961.000000 9506.000000 
9011.000000 9464.000000 
9010.000000 9466.000000 
8998.000000 9488.000000 
9007.000000 9467.000000 
9069.000000 9400.000000 
9047.000000 9428.000000 
9110.000000 9391.000000 
9126.000000 9372.000000 
9148.000000 9371.000000 
9118.000000 9377.000000 
9161.000000 9349.000000 
9166.000000 9317.000000 
9162.000000 9333.000000 
9197.000000 9311.000000 

7706.000000 10002.000000 
7790.000000 9981.000000 
7897.000000 9974.000000 
7801.000000 9980.000000 
7785.000000 10000.000000 
7824.000000 9978.000000 
7900.000000 9955.000000 
7948.000000 9952.000000 
7957.000000 9937.000000 
7960.000000 9933.000000 
7982.000000 9929.000000 
7986.000000 9915.000000 
8001.000000 9908.000000 
8044.000000 9899.000000 
8051.000000 9890.000000 
8017.000000 9904.000000 
8138.000000 9871.000000 
8173.000000 9860.000000 
8213.000000 9851.000000 
8200.000000 9857.000000 
8214.000000 9842.000000 
8393.000000 9834.000000 
8423.000000 9798.000000 
8451.000000 9793.000000 
8486.000000 9780.000000 
8470.000000 9781.000000 
8548.000000 9755.000000 
8534.000000 9778.000000 
8604.000000 9731.000000 
8569.000000 9747.000000 
8611.000000 9729.000000 
8636.000000 9725.000000 
8654.000000 9693.000000 
8591.000000 9735.000000 
8616.000000 9727.000000 
8643.000000 9701.000000 
8669.000000 9659.000000 
8711.000000 9643.000000 
8696.000000 9648.000000 
8678.000000 9655.000000 
8714.000000 9623.000000 
8716.000000 9610.000000 
8746.000000 9601.000000 
8791.000000 9591.000000 
8796.000000 9582.000000 
8822.000000 9564.000000 
8803.000000 9578.000000 
8853.000000 9560.000000 
8866.000000 9542.000000 
8858.000000 9554.000000 
8886.000000 9537.000000 
8906.000000 9529.000000 
8930.000000 9499.000000 
8990.000000 9496.000000 
9008.000000 9464.000000 
8993.000000 9484.000000 
9013.000000 9458.000000 
9074.000000 9427.000000 
9044.000000 9446.000000 
9091.000000 9404.000000 
9187.000000 9324.000000 
9217.000000 9282.000000 
9222.000000 9264.000000 
9224.000000 9250.000000 
9195.000000 9291.000000 
9210.000000 9284.000000 
9250.000000 9246.000000 

7678.000000 9991.000000 
7646.000000 10007.000000 
7676.000000 9993.000000 
7607.000000 10017.000000 
7727.000000 9988.000000 
7939.000000 9954.000000 
7852.000000 9984.000000 
7964.000000 9953.000000 
7919.000000 9978.000000 
7970.000000 9949.000000 
7994.000000 9947.000000 
8052.000000 9936.000000 
8017.000000 9941.000000 
8074.000000 9923.000000 
8066.000000 9931.000000 
8049.000000 9940.000000 
8133.000000 9918.000000 
8164.000000 9908.000000 
8089.000000 9920.000000 
8158.000000 9912.000000 
8198.000000 9897.000000 
8208.000000 9895.000000 
8295.000000 9891.000000 
8308.000000 9867.000000 
8341.000000 9866.000000 
8392.000000 9852.000000 
8488.000000 9831.000000 
8548.000000 9763.000000 
8531.000000 9784.000000 
8510.000000 9811.000000 
8519.000000 9795.000000 
8574.000000 9757.000000 
8536.000000 9782.000000 
8646.000000 9716.000000 
8622.000000 9744.000000 
8607.000000 9748.000000 
8631.000000 9721.000000 
8669.000000 9684.000000 
8682.000000 9670.000000 
8651.000000 9686.000000 
8674.000000 9682.000000 
8722.000000 9651.000000 
8691.000000 9666.000000 
8751.000000 9628.000000 
8725.000000 9641.000000 
8761.000000 9615.000000 
8731.000000 9635.000000 
8797.000000 9597.000000 
8803.000000 9585.000000 
8857.000000 9563.000000 
8833.000000 9584.000000 
8847.000000 9582.000000 
8854.000000 9581.000000 
8997.000000 9465.000000 
8991.000000 9508.000000 
8926.000000 9550.000000 
8938.000000 9528.000000 
8894.000000 9559.000000 
8999.000000 9461.000000 
8959.000000 9512.000000 
9054.000000 9414.000000 
9023.000000 9437.000000 
9028.000000 9428.000000 
9030.000000 9425.000000 
9070.000000 9393.000000 
9087.000000 9392.000000 
9120.000000 9347.000000 
9101.000000 9370.000000 
9106.000000 9351.000000 
9096.000000 9387.000000 
9145.000000 9330.000000 
9178.000000 9284.000000 
9201.000000 9250.000000 
9152.000000 9295.000000 
9150.000000 9303.000000 
9181.000000 9271.000000 
9247.000000 9174.000000 
9206.000000 9243.000000 
9240.000000 9200.000000 
9216.000000 9225.000000 
9279.000000 9150.000000 
