
7633.000000 9965.000000 
7659.000000 9964.000000 
7694.000000 9953.000000 
7851.000000 9942.000000 
7790.000000 9949.000000 
7804.000000 9943.000000 
7780.000000 9952.000000 
7928.000000 9925.000000 
7874.000000 9936.000000 
7869.000000 9938.000000 
7922.000000 9926.000000 
7902.000000 9933.000000 
8059.000000 9913.000000 
8065.000000 9888.000000 
8213.000000 9855.000000 
8188.000000 9880.000000 
8306.000000 9842.000000 
8190.000000 9872.000000 
8263.000000 9851.000000 
8208.000000 9869.000000 
8294.000000 9845.000000 
8313.000000 9836.000000 
8409.000000 9820.000000 
8413.000000 9815.000000 
8523.000000 9790.000000 
8379.000000 9826.000000 
8472.000000 9811.000000 
8482.000000 9798.000000 
8644.000000 9725.000000 
8658.000000 9714.000000 
8656.000000 9721.000000 
8621.000000 9728.000000 
8664.000000 9707.000000 
8649.000000 9723.000000 
8675.000000 9695.000000 
8705.000000 9679.000000 
8668.000000 9702.000000 
8714.000000 9678.000000 
8776.000000 9649.000000 
8836.000000 9574.000000 
8791.000000 9626.000000 
8830.000000 9606.000000 
8699.000000 9682.000000 
8786.000000 9637.000000 
8870.000000 9546.000000 
8933.000000 9517.000000 
8952.000000 9491.000000 
9024.000000 9479.000000 
9045.000000 9414.000000 
9085.000000 9357.000000 
9056.000000 9372.000000 
9082.000000 9369.000000 
9144.000000 9323.000000 
9119.000000 9336.000000 
9107.000000 9350.000000 
9179.000000 9283.000000 
9239.000000 9244.000000 
9251.000000 9231.000000 
9220.000000 9250.000000 
9264.000000 9183.000000 
9275.000000 9180.000000 
9258.000000 9218.000000 
9269.000000 9181.000000 
9320.000000 9156.000000 
9330.000000 9104.000000 

7200.000000 10031.000000 
7305.000000 10019.000000 
7330.000000 10018.000000 
7440.000000 10014.000000 
7489.000000 10008.000000 
7533.000000 10005.000000 
7482.000000 10011.000000 
7590.000000 9989.000000 
7540.000000 10001.000000 
7919.000000 9956.000000 
7828.000000 9966.000000 
7864.000000 9963.000000 
7821.000000 9981.000000 
7889.000000 9962.000000 
7790.000000 9987.000000 
7924.000000 9949.000000 
7988.000000 9937.000000 
7996.000000 9915.000000 
8174.000000 9893.000000 
8156.000000 9908.000000 
8192.000000 9871.000000 
8196.000000 9860.000000 
8209.000000 9841.000000 
8223.000000 9835.000000 
8199.000000 9852.000000 
8240.000000 9824.000000 
8291.000000 9820.000000 
8330.000000 9795.000000 
8314.000000 9815.000000 
8511.000000 9762.000000 
8465.000000 9787.000000 
8623.000000 9699.000000 
8638.000000 9654.000000 
8585.000000 9701.000000 
8543.000000 9738.000000 
8553.000000 9730.000000 
8628.000000 9676.000000 
8652.000000 9633.000000 
8656.000000 9618.000000 
8651.000000 9644.000000 
8714.000000 9608.000000 
8749.000000 9585.000000 
8780.000000 9581.000000 
8813.000000 9569.000000 
8845.000000 9553.000000 
8788.000000 9577.000000 
8881.000000 9518.000000 
8865.000000 9523.000000 
8893.000000 9510.000000 
8864.000000 9527.000000 
8855.000000 9530.000000 
8924.000000 9493.000000 
8911.000000 9494.000000 
8900.000000 9495.000000 
8951.000000 9481.000000 
8974.000000 9464.000000 
9017.000000 9423.000000 
9002.000000 9444.000000 
8997.000000 9461.000000 
9011.000000 9424.000000 
9046.000000 9418.000000 
9051.000000 9408.000000 
9108.000000 9331.000000 
9164.000000 9308.000000 
9102.000000 9366.000000 
9249.000000 9240.000000 
9214.000000 9307.000000 
9269.000000 9185.000000 
9252.000000 9191.000000 

7569.000000 9973.000000 
7891.000000 9959.000000 
7911.000000 9955.000000 
7945.000000 9953.000000 
8033.000000 9935.000000 
7967.000000 9943.000000 
8152.000000 9919.000000 
8262.000000 9886.000000 
8229.000000 9896.000000 
8223.000000 9903.000000 
8292.000000 9854.000000 
8324.000000 9820.000000 
8326.000000 9818.000000 
8315.000000 9831.000000 
8334.000000 9816.000000 
8323.000000 9824.000000 
8403.000000 9797.000000 
8373.000000 9814.000000 
8427.000000 9793.000000 
8433.000000 9781.000000 
8506.000000 9777.000000 
8592.000000 9733.000000 
8556.000000 9763.000000 
8574.000000 9742.000000 
8558.000000 9747.000000 
8616.000000 9728.000000 
8623.000000 9715.000000 
8630.000000 9701.000000 
8655.000000 9670.000000 
8636.000000 9686.000000 
8668.000000 9665.000000 
8625.000000 9704.000000 
8705.000000 9627.000000 
8684.000000 9656.000000 
8679.000000 9661.000000 
8720.000000 9623.000000 
8699.000000 9633.000000 
8731.000000 9601.000000 
8782.000000 9544.000000 
8745.000000 9592.000000 
8779.000000 9576.000000 
8750.000000 9590.000000 
8853.000000 9513.000000 
8910.000000 9511.000000 
8913.000000 9478.000000 
8957.000000 9477.000000 
8974.000000 9435.000000 
8972.000000 9446.000000 
8993.000000 9421.000000 
9059.000000 9395.000000 
9108.000000 9363.000000 
9131.000000 9356.000000 
