
7848.000000 9979.000000 
8031.000000 9963.000000 
7975.000000 9965.000000 
8045.000000 9962.000000 
8150.000000 9937.000000 
8106.000000 9939.000000 
8104.000000 9948.000000 
8226.000000 9895.000000 
8224.000000 9924.000000 
8201.000000 9925.000000 
8174.000000 9927.000000 
8297.000000 9884.000000 
8322.000000 9883.000000 

7600.000000 10006.000000 
7712.000000 10005.000000 
7739.000000 10002.000000 
7793.000000 9987.000000 
7804.000000 9983.000000 
7975.000000 9939.000000 
7965.000000 9948.000000 
8026.000000 9938.000000 
8063.000000 9933.000000 
8129.000000 9908.000000 
8103.000000 9923.000000 
8118.000000 9921.000000 
8124.000000 9910.000000 

7331.000000 10007.000000 
7757.000000 9772.000000 
7825.000000 9770.000000 

7543.000000 10036.000000 
7560.000000 10034.000000 
7611.000000 10032.000000 
7683.000000 10024.000000 
7723.000000 10015.000000 
7680.000000 10026.000000 
7783.000000 10008.000000 
7893.000000 9992.000000 
7788.000000 10003.000000 
7886.000000 9994.000000 
7970.000000 9983.000000 
7906.000000 9985.000000 
7978.000000 9964.000000 
8048.000000 9929.000000 
8070.000000 9913.000000 
8001.000000 9942.000000 
8002.000000 9932.000000 
7980.000000 9943.000000 
8058.000000 9923.000000 
8128.000000 9912.000000 
8173.000000 9893.000000 
8196.000000 9874.000000 
8209.000000 9872.000000 
8335.000000 9839.000000 
8259.000000 9870.000000 
8263.000000 9853.000000 
8326.000000 9851.000000 
8353.000000 9828.000000 
8377.000000 9814.000000 
8363.000000 9823.000000 
8338.000000 9836.000000 
8329.000000 9850.000000 
8440.000000 9810.000000 
8464.000000 9795.000000 
8575.000000 9750.000000 
8588.000000 9732.000000 
8591.000000 9726.000000 
8562.000000 9774.000000 
8642.000000 9712.000000 
8707.000000 9675.000000 
8728.000000 9651.000000 
8725.000000 9674.000000 
8686.000000 9686.000000 
8783.000000 9603.000000 
8774.000000 9611.000000 
8741.000000 9646.000000 
8756.000000 9630.000000 
8761.000000 9614.000000 
8758.000000 9620.000000 
8813.000000 9572.000000 
8793.000000 9582.000000 
8990.000000 9440.000000 
8960.000000 9449.000000 
8954.000000 9493.000000 
8875.000000 9541.000000 
8872.000000 9553.000000 
8909.000000 9496.000000 
8900.000000 9521.000000 
9012.000000 9426.000000 
9003.000000 9431.000000 
9017.000000 9367.000000 
9013.000000 9382.000000 
9016.000000 9378.000000 

7656.000000 9877.000000 
7510.000000 9932.000000 
7597.000000 9928.000000 

7641.000000 9946.000000 
8078.000000 9907.000000 
8008.000000 9940.000000 
8011.000000 9913.000000 

7843.000000 9849.000000 
7886.000000 9840.000000 
8189.000000 9814.000000 
8216.000000 9780.000000 
8120.000000 9837.000000 
8145.000000 9821.000000 
8194.000000 9804.000000 
8212.000000 9799.000000 
8272.000000 9766.000000 
8401.000000 9760.000000 
8410.000000 9751.000000 
8426.000000 9742.000000 
8405.000000 9756.000000 
8414.000000 9749.000000 
8437.000000 9739.000000 
8453.000000 9729.000000 
8457.000000 9719.000000 
8471.000000 9713.000000 
8536.000000 9708.000000 
8599.000000 9658.000000 
8628.000000 9652.000000 
8584.000000 9696.000000 
8699.000000 9633.000000 
8714.000000 9632.000000 
8720.000000 9614.000000 
8740.000000 9596.000000 
8735.000000 9597.000000 
8767.000000 9595.000000 
8802.000000 9567.000000 
8792.000000 9580.000000 
8815.000000 9556.000000 
8872.000000 9497.000000 
8851.000000 9506.000000 
8864.000000 9498.000000 
8998.000000 9349.000000 
8930.000000 9451.000000 
8948.000000 9386.000000 
8961.000000 9363.000000 
8953.000000 9364.000000 
9024.000000 9328.000000 
9033.000000 9243.000000 
8988.000000 9362.000000 
9026.000000 9321.000000 
9080.000000 9170.000000 
9062.000000 9232.000000 
9072.000000 9229.000000 
9074.000000 9185.000000 
9118.000000 9146.000000 
9166.000000 9139.000000 

8307.000000 9852.000000 
8400.000000 9814.000000 
8371.000000 9831.000000 
8456.000000 9775.000000 
8408.000000 9786.000000 
8480.000000 9759.000000 
8527.000000 9736.000000 
8541.000000 9731.000000 
8525.000000 9748.000000 
8573.000000 9718.000000 
8457.000000 9767.000000 
8593.000000 9682.000000 
8620.000000 9644.000000 
8610.000000 9674.000000 
8668.000000 9603.000000 
8635.000000 9609.000000 
8629.000000 9612.000000 
8675.000000 9602.000000 
8691.000000 9576.000000 
8731.000000 9542.000000 
8724.000000 9556.000000 
8709.000000 9557.000000 
8742.000000 9491.000000 
8790.000000 9457.000000 
8762.000000 9489.000000 
8776.000000 9483.000000 
8777.000000 9470.000000 
8827.000000 9431.000000 
8832.000000 9428.000000 
8808.000000 9438.000000 
8837.000000 9389.000000 
8869.000000 9334.000000 
8865.000000 9363.000000 
8855.000000 9365.000000 
8932.000000 9284.000000 
8912.000000 9333.000000 
8915.000000 9292.000000 
8984.000000 9241.000000 
8942.000000 9244.000000 
9008.000000 9230.000000 
9043.000000 9197.000000 
9112.000000 9058.000000 
9108.000000 9104.000000 
9150.000000 9022.000000 
9138.000000 9026.000000 
9203.000000 8973.000000 
9224.000000 8933.000000 
9250.000000 8915.000000 
9319.000000 8914.000000 
9330.000000 8884.000000 
9353.000000 8837.000000 
9340.000000 8852.000000 
9320.000000 8888.000000 
9360.000000 8827.000000 
9367.000000 8810.000000 
9403.000000 8784.000000 
9410.000000 8732.000000 

8018.000000 9882.000000 
8050.000000 9869.000000 
8057.000000 9862.000000 
8049.000000 9875.000000 
8094.000000 9859.000000 
8169.000000 9812.000000 
8027.000000 9881.000000 
8156.000000 9836.000000 
8183.000000 9805.000000 
8232.000000 9801.000000 
8359.000000 9794.000000 
8399.000000 9749.000000 
8540.000000 9714.000000 
8471.000000 9741.000000 
8595.000000 9667.000000 
8672.000000 9625.000000 
8630.000000 9654.000000 
8636.000000 9652.000000 
8597.000000 9658.000000 
8674.000000 9615.000000 
8678.000000 9613.000000 
8649.000000 9648.000000 
8704.000000 9610.000000 
8696.000000 9612.000000 
8737.000000 9598.000000 
8733.000000 9606.000000 
8729.000000 9608.000000 
8750.000000 9593.000000 
8755.000000 9588.000000 
8796.000000 9583.000000 
8807.000000 9577.000000 
8822.000000 9568.000000 
8881.000000 9535.000000 
8849.000000 9558.000000 
8913.000000 9511.000000 
8923.000000 9504.000000 
8943.000000 9496.000000 
8958.000000 9491.000000 
8998.000000 9465.000000 
9015.000000 9460.000000 
9029.000000 9365.000000 
9018.000000 9383.000000 
9022.000000 9374.000000 
9057.000000 9357.000000 
9058.000000 9354.000000 
9048.000000 9360.000000 
9107.000000 9312.000000 
9109.000000 9307.000000 
9103.000000 9332.000000 
9152.000000 9298.000000 
9102.000000 9333.000000 
9115.000000 9305.000000 
9156.000000 9278.000000 
9161.000000 9262.000000 
9164.000000 9241.000000 
9193.000000 9222.000000 
9171.000000 9223.000000 
9231.000000 9180.000000 
9272.000000 9128.000000 
9213.000000 9204.000000 
9228.000000 9190.000000 
9248.000000 9166.000000 
9307.000000 9097.000000 
9366.000000 9090.000000 
9393.000000 9049.000000 
9385.000000 9060.000000 
9407.000000 9045.000000 
9392.000000 9051.000000 
9435.000000 8995.000000 
9411.000000 9036.000000 
9447.000000 8978.000000 
9424.000000 9015.000000 
9458.000000 8969.000000 
9454.000000 8974.000000 
9461.000000 8920.000000 
9428.000000 9006.000000 
