
8149.000000 9830.000000 
8054.000000 9884.000000 
8106.000000 9874.000000 
8028.000000 9895.000000 
8167.000000 9815.000000 
8126.000000 9845.000000 
8185.000000 9786.000000 
8175.000000 9796.000000 
8335.000000 9724.000000 
8264.000000 9778.000000 
8382.000000 9716.000000 
8270.000000 9737.000000 
8268.000000 9739.000000 
8291.000000 9734.000000 
8441.000000 9660.000000 
8458.000000 9656.000000 
8558.000000 9597.000000 
8619.000000 9578.000000 
8657.000000 9549.000000 
8631.000000 9563.000000 
8714.000000 9523.000000 
8659.000000 9528.000000 
8752.000000 9481.000000 
8774.000000 9462.000000 
8795.000000 9449.000000 
8892.000000 9418.000000 
8897.000000 9390.000000 
8932.000000 9385.000000 
8977.000000 9350.000000 
9008.000000 9327.000000 
8951.000000 9365.000000 
8967.000000 9362.000000 
8988.000000 9340.000000 
9014.000000 9312.000000 
9031.000000 9304.000000 
9046.000000 9283.000000 
9036.000000 9296.000000 
9105.000000 9275.000000 
9121.000000 9264.000000 
9028.000000 9308.000000 
9096.000000 9281.000000 
9143.000000 9248.000000 
9523.000000 8608.000000 
9694.000000 8480.000000 
9244.000000 9032.000000 
9277.000000 8985.000000 
9217.000000 9211.000000 
9190.000000 9243.000000 
9200.000000 9224.000000 
9208.000000 9218.000000 
9228.000000 9189.000000 
9467.000000 8902.000000 
9471.000000 8893.000000 
9455.000000 8926.000000 
9492.000000 8888.000000 
9464.000000 8922.000000 
9453.000000 8976.000000 
9646.000000 8605.000000 
9695.000000 8479.000000 
9660.000000 8550.000000 
9666.000000 8549.000000 
9697.000000 8454.000000 
9707.000000 8452.000000 
9691.000000 8495.000000 

8081.000000 9885.000000 
7990.000000 9895.000000 
7964.000000 9899.000000 
7940.000000 9902.000000 
8169.000000 9848.000000 
8084.000000 9878.000000 
8139.000000 9870.000000 
8124.000000 9872.000000 
8215.000000 9831.000000 
8179.000000 9833.000000 
8301.000000 9797.000000 
8290.000000 9808.000000 
8289.000000 9822.000000 
8333.000000 9781.000000 
8378.000000 9771.000000 
8444.000000 9767.000000 
8518.000000 9730.000000 
8469.000000 9744.000000 
8543.000000 9720.000000 
8466.000000 9749.000000 
8564.000000 9660.000000 
8634.000000 9592.000000 
8594.000000 9653.000000 
8643.000000 9559.000000 
8608.000000 9632.000000 
8755.000000 9550.000000 
8619.000000 9600.000000 
8677.000000 9556.000000 
8778.000000 9449.000000 
8949.000000 9292.000000 
8897.000000 9316.000000 
8878.000000 9365.000000 
8912.000000 9303.000000 
8950.000000 9253.000000 
8963.000000 9221.000000 
8966.000000 9191.000000 
8955.000000 9236.000000 
9049.000000 9183.000000 
9067.000000 9104.000000 
9065.000000 9122.000000 
9072.000000 9103.000000 
9091.000000 9069.000000 
9128.000000 8972.000000 
9129.000000 8961.000000 
9156.000000 8923.000000 
9160.000000 8915.000000 
9142.000000 8927.000000 
8847.000000 9442.000000 
9120.000000 9064.000000 
9050.000000 9123.000000 
9395.000000 8867.000000 
9401.000000 8859.000000 
9431.000000 8856.000000 
9466.000000 8851.000000 
9544.000000 8708.000000 
9371.000000 8898.000000 
9488.000000 8790.000000 
9542.000000 8727.000000 
9510.000000 8745.000000 
9495.000000 8770.000000 
9576.000000 8692.000000 
9526.000000 8740.000000 
9509.000000 8758.000000 

8016.000000 9878.000000 
7962.000000 9916.000000 
7985.000000 9886.000000 
8066.000000 9850.000000 
8019.000000 9857.000000 
8162.000000 9822.000000 
8182.000000 9816.000000 
8150.000000 9841.000000 
8189.000000 9807.000000 
8235.000000 9777.000000 
8297.000000 9770.000000 
8311.000000 9750.000000 
8226.000000 9804.000000 
8329.000000 9749.000000 
8459.000000 9741.000000 
8472.000000 9719.000000 
8486.000000 9710.000000 
8512.000000 9702.000000 
8606.000000 9685.000000 
8589.000000 9694.000000 
8641.000000 9660.000000 
8611.000000 9663.000000 
8668.000000 9647.000000 
8697.000000 9619.000000 
8715.000000 9604.000000 
8740.000000 9581.000000 
8724.000000 9600.000000 
8760.000000 9573.000000 
8782.000000 9559.000000 
8726.000000 9587.000000 
8770.000000 9569.000000 
8806.000000 9516.000000 
8807.000000 9497.000000 
8792.000000 9538.000000 
8788.000000 9541.000000 
9061.000000 9099.000000 
9543.000000 8588.000000 
9567.000000 8585.000000 
9581.000000 8539.000000 
9628.000000 8456.000000 
9674.000000 8314.000000 
9643.000000 8412.000000 
9113.000000 9060.000000 
9125.000000 9030.000000 
9088.000000 9065.000000 
9058.000000 9122.000000 
9059.000000 9118.000000 
9045.000000 9150.000000 
8996.000000 9467.000000 
9044.000000 9433.000000 
9331.000000 9013.000000 
9372.000000 8995.000000 
9342.000000 9005.000000 
9386.000000 8980.000000 
9407.000000 8977.000000 
9433.000000 8863.000000 
9376.000000 8994.000000 
9467.000000 8699.000000 
9542.000000 8661.000000 
9479.000000 8685.000000 
9453.000000 8827.000000 
9631.000000 8449.000000 
9661.000000 8402.000000 
9619.000000 8463.000000 
9598.000000 8527.000000 
9599.000000 8482.000000 
9617.000000 8477.000000 

8149.000000 9830.000000 
8054.000000 9884.000000 
8106.000000 9874.000000 
8028.000000 9895.000000 
8167.000000 9815.000000 
8126.000000 9845.000000 
8185.000000 9786.000000 
8175.000000 9796.000000 
8335.000000 9724.000000 
8264.000000 9778.000000 
8382.000000 9716.000000 
8270.000000 9737.000000 
8268.000000 9739.000000 
8291.000000 9734.000000 
8441.000000 9660.000000 
8458.000000 9656.000000 
8558.000000 9597.000000 
8619.000000 9578.000000 
8657.000000 9549.000000 
8631.000000 9563.000000 
8714.000000 9523.000000 
8659.000000 9528.000000 
8752.000000 9481.000000 
8774.000000 9462.000000 
8795.000000 9449.000000 
8892.000000 9418.000000 
8897.000000 9390.000000 
8932.000000 9385.000000 
8977.000000 9350.000000 
9008.000000 9327.000000 
8951.000000 9365.000000 
8967.000000 9362.000000 
8988.000000 9340.000000 
9014.000000 9312.000000 
9031.000000 9304.000000 
9046.000000 9283.000000 
9036.000000 9296.000000 
9105.000000 9275.000000 
9121.000000 9264.000000 
9028.000000 9308.000000 
9096.000000 9281.000000 
9143.000000 9248.000000 
9523.000000 8608.000000 
9694.000000 8480.000000 
9244.000000 9032.000000 
9277.000000 8985.000000 
9217.000000 9211.000000 
9190.000000 9243.000000 
9200.000000 9224.000000 
9208.000000 9218.000000 
9228.000000 9189.000000 
9467.000000 8902.000000 
9471.000000 8893.000000 
9455.000000 8926.000000 
9492.000000 8888.000000 
9464.000000 8922.000000 
9453.000000 8976.000000 
9646.000000 8605.000000 
9695.000000 8479.000000 
9660.000000 8550.000000 
9666.000000 8549.000000 
9697.000000 8454.000000 
9707.000000 8452.000000 
9691.000000 8495.000000 

8081.000000 9885.000000 
7990.000000 9895.000000 
7964.000000 9899.000000 
7940.000000 9902.000000 
8169.000000 9848.000000 
8084.000000 9878.000000 
8139.000000 9870.000000 
8124.000000 9872.000000 
8215.000000 9831.000000 
8179.000000 9833.000000 
8301.000000 9797.000000 
8290.000000 9808.000000 
8289.000000 9822.000000 
8333.000000 9781.000000 
8378.000000 9771.000000 
8444.000000 9767.000000 
8518.000000 9730.000000 
8469.000000 9744.000000 
8543.000000 9720.000000 
8466.000000 9749.000000 
8564.000000 9660.000000 
8634.000000 9592.000000 
8594.000000 9653.000000 
8643.000000 9559.000000 
8608.000000 9632.000000 
8755.000000 9550.000000 
8619.000000 9600.000000 
8677.000000 9556.000000 
8778.000000 9449.000000 
8949.000000 9292.000000 
8897.000000 9316.000000 
8878.000000 9365.000000 
8912.000000 9303.000000 
8950.000000 9253.000000 
8963.000000 9221.000000 
8966.000000 9191.000000 
8955.000000 9236.000000 
9049.000000 9183.000000 
9067.000000 9104.000000 
9065.000000 9122.000000 
9072.000000 9103.000000 
9091.000000 9069.000000 
9128.000000 8972.000000 
9129.000000 8961.000000 
9156.000000 8923.000000 
9160.000000 8915.000000 
9142.000000 8927.000000 
8847.000000 9442.000000 
9120.000000 9064.000000 
9050.000000 9123.000000 
9395.000000 8867.000000 
9401.000000 8859.000000 
9431.000000 8856.000000 
9466.000000 8851.000000 
9544.000000 8708.000000 
9371.000000 8898.000000 
9488.000000 8790.000000 
9542.000000 8727.000000 
9510.000000 8745.000000 
9495.000000 8770.000000 
9576.000000 8692.000000 
9526.000000 8740.000000 
9509.000000 8758.000000 

8016.000000 9878.000000 
7962.000000 9916.000000 
7985.000000 9886.000000 
8066.000000 9850.000000 
8019.000000 9857.000000 
8162.000000 9822.000000 
8182.000000 9816.000000 
8150.000000 9841.000000 
8189.000000 9807.000000 
8235.000000 9777.000000 
8297.000000 9770.000000 
8311.000000 9750.000000 
8226.000000 9804.000000 
8329.000000 9749.000000 
8459.000000 9741.000000 
8472.000000 9719.000000 
8486.000000 9710.000000 
8512.000000 9702.000000 
8606.000000 9685.000000 
8589.000000 9694.000000 
8641.000000 9660.000000 
8611.000000 9663.000000 
8668.000000 9647.000000 
8697.000000 9619.000000 
8715.000000 9604.000000 
8740.000000 9581.000000 
8724.000000 9600.000000 
8760.000000 9573.000000 
8782.000000 9559.000000 
8726.000000 9587.000000 
8770.000000 9569.000000 
8806.000000 9516.000000 
8807.000000 9497.000000 
8792.000000 9538.000000 
8788.000000 9541.000000 
9061.000000 9099.000000 
9543.000000 8588.000000 
9567.000000 8585.000000 
9581.000000 8539.000000 
9628.000000 8456.000000 
9674.000000 8314.000000 
9643.000000 8412.000000 
9113.000000 9060.000000 
9125.000000 9030.000000 
9088.000000 9065.000000 
9058.000000 9122.000000 
9059.000000 9118.000000 
9045.000000 9150.000000 
8996.000000 9467.000000 
9044.000000 9433.000000 
9331.000000 9013.000000 
9372.000000 8995.000000 
9342.000000 9005.000000 
9386.000000 8980.000000 
9407.000000 8977.000000 
9433.000000 8863.000000 
9376.000000 8994.000000 
9467.000000 8699.000000 
9542.000000 8661.000000 
9479.000000 8685.000000 
9453.000000 8827.000000 
9631.000000 8449.000000 
9661.000000 8402.000000 
9619.000000 8463.000000 
9598.000000 8527.000000 
9599.000000 8482.000000 
9617.000000 8477.000000 
