
6772.000000 9696.000000 
6803.000000 9689.000000 
6736.000000 9699.000000 
6639.000000 9716.000000 
6717.000000 9707.000000 
6629.000000 9720.000000 
6700.000000 9713.000000 
6728.000000 9701.000000 
6859.000000 9688.000000 
6899.000000 9679.000000 
6883.000000 9681.000000 
6927.000000 9676.000000 
6892.000000 9680.000000 
6921.000000 9677.000000 
6981.000000 9665.000000 
6989.000000 9655.000000 
7058.000000 9643.000000 
7031.000000 9654.000000 
7039.000000 9648.000000 
7040.000000 9644.000000 
7148.000000 9627.000000 
7078.000000 9637.000000 
7212.000000 9603.000000 
7234.000000 9596.000000 
7348.000000 9533.000000 
7346.000000 9538.000000 
7161.000000 9617.000000 
7496.000000 9487.000000 
7575.000000 9453.000000 
7657.000000 9393.000000 
7667.000000 9387.000000 
7706.000000 9350.000000 
7413.000000 9511.000000 
7578.000000 9431.000000 
7617.000000 9411.000000 
7731.000000 9332.000000 
7809.000000 9270.000000 
7854.000000 9234.000000 
7889.000000 9205.000000 
7756.000000 9307.000000 

7072.000000 9611.000000 
7057.000000 9636.000000 
7050.000000 9641.000000 
6927.000000 9725.000000 
6912.000000 9726.000000 
7018.000000 9717.000000 
7305.000000 9602.000000 
7405.000000 9593.000000 
7387.000000 9594.000000 
7613.000000 9523.000000 
7622.000000 9510.000000 
7687.000000 9467.000000 
7472.000000 9589.000000 
7769.000000 9425.000000 
7543.000000 9568.000000 
7866.000000 9354.000000 
7896.000000 9351.000000 
7905.000000 9341.000000 
7968.000000 9290.000000 
7945.000000 9308.000000 
8062.000000 9198.000000 
8138.000000 9136.000000 
8170.000000 9129.000000 
8173.000000 9126.000000 
8218.000000 9077.000000 
8376.000000 8911.000000 
8427.000000 8908.000000 
8507.000000 8818.000000 
8497.000000 8855.000000 
8490.000000 8862.000000 

7010.000000 9807.000000 
7150.000000 9768.000000 
7121.000000 9774.000000 
7147.000000 9771.000000 
7066.000000 9800.000000 
7110.000000 9781.000000 
7092.000000 9789.000000 
7251.000000 9759.000000 
7233.000000 9763.000000 
7290.000000 9748.000000 
7387.000000 9717.000000 
7628.000000 9542.000000 
7356.000000 9723.000000 
7337.000000 9731.000000 
7524.000000 9684.000000 
7686.000000 9499.000000 
7434.000000 9701.000000 
7445.000000 9696.000000 
7752.000000 9482.000000 
7544.000000 9597.000000 
7876.000000 9426.000000 
7624.000000 9592.000000 
8000.000000 9360.000000 
8147.000000 9166.000000 
8246.000000 9060.000000 
8267.000000 9042.000000 
8274.000000 9017.000000 
8495.000000 8886.000000 
8493.000000 8892.000000 
8333.000000 8994.000000 
8546.000000 8869.000000 
8126.000000 9271.000000 
8444.000000 8973.000000 
8670.000000 8740.000000 
8650.000000 8803.000000 
