
6658.000000 9701.000000 
6687.000000 9690.000000 
6757.000000 9683.000000 
6724.000000 9685.000000 
6700.000000 9688.000000 
6702.000000 9686.000000 
6677.000000 9694.000000 
6846.000000 9668.000000 
6761.000000 9681.000000 
6816.000000 9671.000000 
6997.000000 9630.000000 
6933.000000 9636.000000 
6930.000000 9644.000000 
6896.000000 9658.000000 
7040.000000 9613.000000 
7048.000000 9607.000000 
7120.000000 9596.000000 
7039.000000 9615.000000 
7077.000000 9606.000000 
7219.000000 9568.000000 
7166.000000 9586.000000 
7220.000000 9564.000000 
7202.000000 9578.000000 
7245.000000 9561.000000 
7250.000000 9557.000000 
7320.000000 9551.000000 
7378.000000 9506.000000 
7339.000000 9535.000000 
7394.000000 9484.000000 
7409.000000 9480.000000 
7390.000000 9499.000000 
7414.000000 9470.000000 
7443.000000 9468.000000 
7458.000000 9459.000000 
7447.000000 9462.000000 
7491.000000 9431.000000 
7498.000000 9421.000000 
7475.000000 9440.000000 
7532.000000 9419.000000 
7567.000000 9405.000000 
7598.000000 9364.000000 
7583.000000 9378.000000 
7755.000000 9268.000000 
7718.000000 9294.000000 
7689.000000 9305.000000 
7633.000000 9337.000000 
7676.000000 9313.000000 
7671.000000 9320.000000 
7693.000000 9300.000000 
7721.000000 9270.000000 
7772.000000 9264.000000 
7613.000000 9349.000000 
7919.000000 9109.000000 
7995.000000 9062.000000 
7966.000000 9089.000000 
8059.000000 8981.000000 
8055.000000 8993.000000 
8067.000000 8975.000000 
8064.000000 8976.000000 
8142.000000 8933.000000 
8088.000000 8970.000000 
8100.000000 8949.000000 
8187.000000 8901.000000 
8156.000000 8922.000000 
8162.000000 8906.000000 
8173.000000 8905.000000 
8254.000000 8841.000000 
8260.000000 8832.000000 
8244.000000 8848.000000 
8309.000000 8809.000000 
8312.000000 8802.000000 
8298.000000 8811.000000 
8346.000000 8764.000000 
8316.000000 8768.000000 
8431.000000 8696.000000 
8448.000000 8677.000000 
8426.000000 8697.000000 
8432.000000 8695.000000 
8442.000000 8692.000000 
8461.000000 8672.000000 
8435.000000 8693.000000 
8446.000000 8680.000000 
8473.000000 8665.000000 
8475.000000 8647.000000 
8502.000000 8636.000000 
8481.000000 8645.000000 
8538.000000 8579.000000 
8552.000000 8543.000000 
8576.000000 8525.000000 
8534.000000 8606.000000 
8622.000000 8457.000000 
8588.000000 8506.000000 
8616.000000 8470.000000 
8601.000000 8488.000000 
8596.000000 8493.000000 
8602.000000 8476.000000 
8603.000000 8471.000000 
8620.000000 8468.000000 
8646.000000 8445.000000 
8658.000000 8421.000000 
8718.000000 8358.000000 
8712.000000 8395.000000 
8697.000000 8400.000000 
8786.000000 8289.000000 
8783.000000 8296.000000 
8743.000000 8337.000000 
8673.000000 8413.000000 
8682.000000 8404.000000 
8719.000000 8351.000000 
8821.000000 8178.000000 
8798.000000 8211.000000 
8794.000000 8214.000000 
8892.000000 8084.000000 
8955.000000 8017.000000 
8977.000000 8007.000000 
9029.000000 7960.000000 
8998.000000 7990.000000 
9038.000000 7920.000000 
9030.000000 7927.000000 
9049.000000 7893.000000 
9104.000000 7816.000000 
9079.000000 7830.000000 
9071.000000 7863.000000 
9078.000000 7852.000000 
9112.000000 7737.000000 
9107.000000 7799.000000 
9108.000000 7781.000000 
9152.000000 7723.000000 
9150.000000 7731.000000 
9165.000000 7704.000000 
9232.000000 7632.000000 
9203.000000 7697.000000 
9206.000000 7687.000000 
9217.000000 7667.000000 
9210.000000 7673.000000 
9224.000000 7646.000000 
9228.000000 7635.000000 
9218.000000 7664.000000 
9275.000000 7545.000000 
9240.000000 7606.000000 
9248.000000 7600.000000 
9258.000000 7586.000000 
9260.000000 7561.000000 
9276.000000 7540.000000 
9280.000000 7527.000000 
9284.000000 7514.000000 
9305.000000 7511.000000 
9315.000000 7503.000000 
9324.000000 7446.000000 

6952.000000 9829.000000 
6821.000000 9842.000000 
6935.000000 9831.000000 
6817.000000 9853.000000 
6888.000000 9837.000000 
7167.000000 9805.000000 
7175.000000 9799.000000 
7172.000000 9804.000000 
7149.000000 9818.000000 
7131.000000 9819.000000 
7242.000000 9785.000000 
7278.000000 9773.000000 
7296.000000 9769.000000 
7270.000000 9783.000000 
7227.000000 9798.000000 
7375.000000 9728.000000 
7410.000000 9716.000000 
7425.000000 9704.000000 
7419.000000 9708.000000 
7436.000000 9698.000000 
7492.000000 9665.000000 
7463.000000 9685.000000 
7519.000000 9635.000000 
7510.000000 9640.000000 
7527.000000 9631.000000 
7578.000000 9614.000000 
7507.000000 9664.000000 
7574.000000 9618.000000 
7566.000000 9629.000000 
7562.000000 9630.000000 
7679.000000 9578.000000 
7648.000000 9613.000000 
7695.000000 9573.000000 
7708.000000 9562.000000 
7677.000000 9579.000000 
7686.000000 9574.000000 
7670.000000 9593.000000 
7676.000000 9582.000000 
7723.000000 9551.000000 
7813.000000 9530.000000 
7830.000000 9478.000000 
7955.000000 9432.000000 
7764.000000 9537.000000 
7995.000000 9389.000000 
7977.000000 9415.000000 
7990.000000 9391.000000 
8010.000000 9374.000000 
8008.000000 9379.000000 
7981.000000 9394.000000 
8044.000000 9349.000000 
8030.000000 9371.000000 
8047.000000 9345.000000 
8032.000000 9364.000000 
8035.000000 9361.000000 
8062.000000 9339.000000 
8040.000000 9357.000000 
8076.000000 9333.000000 
8061.000000 9343.000000 
8065.000000 9335.000000 
8059.000000 9344.000000 
8106.000000 9319.000000 
8086.000000 9326.000000 
8103.000000 9320.000000 
8253.000000 9165.000000 
8286.000000 9134.000000 
8292.000000 9132.000000 
8270.000000 9136.000000 
8331.000000 9110.000000 
8335.000000 9096.000000 
8320.000000 9120.000000 
8352.000000 9085.000000 
8330.000000 9117.000000 
8369.000000 9077.000000 
8365.000000 9082.000000 
8387.000000 9073.000000 
8427.000000 9028.000000 
8393.000000 9051.000000 
8496.000000 8958.000000 
8478.000000 8990.000000 
8460.000000 9001.000000 
8494.000000 8963.000000 
8439.000000 9013.000000 
8519.000000 8936.000000 
8578.000000 8915.000000 
8615.000000 8885.000000 
8580.000000 8903.000000 
8569.000000 8931.000000 
8576.000000 8928.000000 
8607.000000 8897.000000 
8631.000000 8859.000000 
8629.000000 8871.000000 
8649.000000 8844.000000 
8723.000000 8763.000000 
8707.000000 8766.000000 
8698.000000 8801.000000 
8710.000000 8765.000000 
8705.000000 8795.000000 
8726.000000 8758.000000 
8733.000000 8752.000000 
8759.000000 8724.000000 
8755.000000 8736.000000 
8752.000000 8740.000000 
8745.000000 8747.000000 
8764.000000 8717.000000 
8757.000000 8726.000000 
8778.000000 8710.000000 
8794.000000 8689.000000 
8786.000000 8698.000000 
8756.000000 8731.000000 
8784.000000 8706.000000 
8790.000000 8690.000000 
8819.000000 8683.000000 
8789.000000 8692.000000 
8826.000000 8665.000000 
8843.000000 8645.000000 
8807.000000 8685.000000 
8850.000000 8609.000000 
8831.000000 8654.000000 
8914.000000 8577.000000 
8899.000000 8598.000000 
8921.000000 8542.000000 
8910.000000 8585.000000 
8938.000000 8530.000000 
8956.000000 8503.000000 
8953.000000 8514.000000 
8973.000000 8481.000000 
8958.000000 8483.000000 
8984.000000 8453.000000 
8978.000000 8455.000000 
9001.000000 8435.000000 
9004.000000 8417.000000 
8989.000000 8446.000000 
9006.000000 8415.000000 
9026.000000 8397.000000 
9022.000000 8409.000000 
9047.000000 8384.000000 
9071.000000 8351.000000 
9054.000000 8378.000000 
9043.000000 8394.000000 
9074.000000 8338.000000 
9084.000000 8334.000000 
9062.000000 8365.000000 
9089.000000 8313.000000 
9114.000000 8305.000000 
9134.000000 8256.000000 
9113.000000 8309.000000 
9164.000000 8243.000000 
9120.000000 8281.000000 
9125.000000 8271.000000 
9153.000000 8249.000000 
9189.000000 8209.000000 
9181.000000 8230.000000 
9203.000000 8159.000000 
9206.000000 8137.000000 
9200.000000 8174.000000 
9221.000000 8129.000000 
9222.000000 8125.000000 
9223.000000 8112.000000 
9234.000000 8110.000000 
9239.000000 8082.000000 
9283.000000 8054.000000 
9255.000000 8075.000000 
9246.000000 8078.000000 
9285.000000 8049.000000 
9296.000000 8023.000000 
9303.000000 8016.000000 
9349.000000 7902.000000 
9305.000000 7971.000000 
9323.000000 7957.000000 
9325.000000 7916.000000 
9350.000000 7872.000000 
9344.000000 7905.000000 
9355.000000 7867.000000 
9336.000000 7912.000000 
9419.000000 7785.000000 
9422.000000 7725.000000 
9382.000000 7832.000000 
9384.000000 7824.000000 
9373.000000 7847.000000 
9386.000000 7788.000000 

6819.000000 9778.000000 
6855.000000 9777.000000 
6818.000000 9788.000000 
7014.000000 9756.000000 
6865.000000 9774.000000 
6880.000000 9773.000000 
6893.000000 9771.000000 
6966.000000 9766.000000 
7066.000000 9730.000000 
7117.000000 9713.000000 
7056.000000 9733.000000 
7113.000000 9714.000000 
7052.000000 9734.000000 
7077.000000 9728.000000 
7125.000000 9708.000000 
7198.000000 9671.000000 
7174.000000 9676.000000 
7233.000000 9659.000000 
7249.000000 9654.000000 
7252.000000 9652.000000 
7268.000000 9635.000000 
7259.000000 9637.000000 
7325.000000 9633.000000 
7485.000000 9563.000000 
7445.000000 9587.000000 
7502.000000 9562.000000 
7466.000000 9580.000000 
7514.000000 9554.000000 
7475.000000 9569.000000 
7538.000000 9535.000000 
7527.000000 9545.000000 
7541.000000 9524.000000 
7519.000000 9546.000000 
7585.000000 9521.000000 
7596.000000 9506.000000 
7595.000000 9511.000000 
7620.000000 9505.000000 
7625.000000 9499.000000 
7666.000000 9473.000000 
7657.000000 9481.000000 
7645.000000 9492.000000 
7724.000000 9439.000000 
7733.000000 9438.000000 
7702.000000 9464.000000 
7701.000000 9472.000000 
7722.000000 9456.000000 
7774.000000 9422.000000 
7836.000000 9382.000000 
7844.000000 9357.000000 
7884.000000 9346.000000 
7885.000000 9335.000000 
7935.000000 9307.000000 
7972.000000 9269.000000 
7927.000000 9330.000000 
7942.000000 9287.000000 
7959.000000 9283.000000 
7993.000000 9260.000000 
8051.000000 9165.000000 
8060.000000 9163.000000 
8063.000000 9147.000000 
8091.000000 9142.000000 
8082.000000 9145.000000 
8182.000000 9067.000000 
8178.000000 9073.000000 
8170.000000 9093.000000 
8124.000000 9129.000000 
8152.000000 9118.000000 
8161.000000 9117.000000 
8188.000000 9057.000000 
8207.000000 9041.000000 
8224.000000 9037.000000 
8196.000000 9044.000000 
8194.000000 9046.000000 
8239.000000 9023.000000 
8253.000000 9021.000000 
8249.000000 9022.000000 
8264.000000 9020.000000 
8301.000000 8996.000000 
8346.000000 8959.000000 
8351.000000 8929.000000 
8319.000000 8967.000000 
8333.000000 8965.000000 
8426.000000 8877.000000 
8440.000000 8869.000000 
8442.000000 8867.000000 
8469.000000 8855.000000 
8446.000000 8865.000000 
8574.000000 8720.000000 
8523.000000 8785.000000 
8551.000000 8737.000000 
8536.000000 8770.000000 
8535.000000 8776.000000 
8637.000000 8647.000000 
8619.000000 8648.000000 
8645.000000 8630.000000 
8655.000000 8610.000000 
8668.000000 8606.000000 
8617.000000 8650.000000 
8694.000000 8591.000000 
8687.000000 8599.000000 
8699.000000 8573.000000 
8700.000000 8560.000000 
8730.000000 8532.000000 
8724.000000 8558.000000 
8735.000000 8518.000000 
8745.000000 8503.000000 
8753.000000 8486.000000 
8756.000000 8483.000000 
8795.000000 8446.000000 
8794.000000 8479.000000 
8798.000000 8433.000000 
8815.000000 8394.000000 
8811.000000 8423.000000 
8874.000000 8358.000000 
8894.000000 8319.000000 
8877.000000 8340.000000 
8890.000000 8333.000000 
8871.000000 8359.000000 
8918.000000 8292.000000 
8901.000000 8301.000000 
8909.000000 8300.000000 
8939.000000 8276.000000 
8950.000000 8251.000000 
8981.000000 8218.000000 
8964.000000 8245.000000 
8998.000000 8199.000000 
9023.000000 8167.000000 
9032.000000 8128.000000 
9038.000000 8123.000000 
9028.000000 8145.000000 
9061.000000 8099.000000 
9060.000000 8102.000000 
9074.000000 8075.000000 
9053.000000 8113.000000 
9111.000000 8053.000000 
9120.000000 8051.000000 
9130.000000 8006.000000 
9148.000000 7996.000000 
9139.000000 7997.000000 
9159.000000 7963.000000 
9191.000000 7903.000000 
9169.000000 7927.000000 
9179.000000 7914.000000 
9165.000000 7955.000000 
9203.000000 7902.000000 
9225.000000 7894.000000 
9290.000000 7744.000000 
9287.000000 7748.000000 
9286.000000 7769.000000 
9242.000000 7879.000000 
9260.000000 7839.000000 
9281.000000 7790.000000 
9255.000000 7863.000000 
9277.000000 7836.000000 
9278.000000 7823.000000 
9362.000000 7651.000000 
9330.000000 7693.000000 
9318.000000 7709.000000 
9320.000000 7697.000000 
9315.000000 7737.000000 
9339.000000 7676.000000 
9379.000000 7611.000000 
9368.000000 7635.000000 
9376.000000 7612.000000 
