
7690.000000 10016.000000 
7741.000000 10014.000000 
9178.000000 9302.000000 
9177.000000 9326.000000 
9205.000000 9251.000000 

7864.000000 9929.000000 
7735.000000 9958.000000 
7658.000000 9960.000000 
7534.000000 9965.000000 
8010.000000 9928.000000 
8267.000000 9875.000000 
8193.000000 9895.000000 
8236.000000 9890.000000 
8100.000000 9926.000000 
8126.000000 9915.000000 
8159.000000 9911.000000 
8163.000000 9906.000000 
8207.000000 9892.000000 
8318.000000 9849.000000 
8332.000000 9845.000000 
8510.000000 9771.000000 
8516.000000 9770.000000 
8835.000000 9622.000000 
9250.000000 9235.000000 
9256.000000 9233.000000 
9337.000000 9116.000000 
9427.000000 9029.000000 
9437.000000 9016.000000 
9465.000000 8957.000000 
9439.000000 8997.000000 
9444.000000 8996.000000 
9473.000000 8951.000000 
9463.000000 8995.000000 
9537.000000 8878.000000 
9535.000000 8900.000000 
9571.000000 8811.000000 
9573.000000 8789.000000 
9563.000000 8812.000000 
9561.000000 8834.000000 
9579.000000 8774.000000 
9550.000000 8856.000000 
9642.000000 8635.000000 
9608.000000 8735.000000 
9609.000000 8731.000000 
9650.000000 8609.000000 
9672.000000 8590.000000 
9662.000000 8603.000000 
9695.000000 8389.000000 
8344.000000 9821.000000 
8355.000000 9818.000000 
8395.000000 9801.000000 
8457.000000 9795.000000 
8464.000000 9781.000000 
8474.000000 9775.000000 
8574.000000 9765.000000 
8569.000000 9769.000000 
8635.000000 9743.000000 
8626.000000 9744.000000 
8942.000000 9526.000000 
8747.000000 9697.000000 
8749.000000 9680.000000 
8783.000000 9660.000000 
8776.000000 9674.000000 
8787.000000 9659.000000 
8782.000000 9664.000000 
8789.000000 9649.000000 
8961.000000 9520.000000 
8972.000000 9517.000000 
8809.000000 9643.000000 
8818.000000 9642.000000 
9014.000000 9486.000000 
9016.000000 9457.000000 
9059.000000 9453.000000 
9060.000000 9442.000000 
9072.000000 9431.000000 
9093.000000 9415.000000 
9082.000000 9418.000000 
9099.000000 9397.000000 
9098.000000 9402.000000 
9120.000000 9386.000000 
9132.000000 9385.000000 
9107.000000 9393.000000 
9178.000000 9328.000000 
9158.000000 9331.000000 
9198.000000 9294.000000 
9184.000000 9310.000000 
9215.000000 9287.000000 
9190.000000 9304.000000 
9233.000000 9277.000000 
9231.000000 9281.000000 
9242.000000 9266.000000 
9249.000000 9256.000000 
9284.000000 9224.000000 
9303.000000 9213.000000 
9279.000000 9231.000000 
9320.000000 9182.000000 
9329.000000 9171.000000 
9313.000000 9200.000000 
9373.000000 9094.000000 
9386.000000 9083.000000 
9366.000000 9102.000000 
9395.000000 9054.000000 
9411.000000 9035.000000 
9405.000000 9053.000000 
9406.000000 9046.000000 
9431.000000 9018.000000 
9494.000000 8932.000000 
9489.000000 8943.000000 
9514.000000 8908.000000 
9513.000000 8929.000000 
9597.000000 8741.000000 
9591.000000 8742.000000 
9586.000000 8749.000000 
9585.000000 8751.000000 
9621.000000 8707.000000 
9637.000000 8681.000000 
9623.000000 8704.000000 
9620.000000 8725.000000 
9628.000000 8688.000000 
9631.000000 8685.000000 
9681.000000 8556.000000 
9686.000000 8488.000000 
9690.000000 8453.000000 
9700.000000 8348.000000 
9706.000000 8295.000000 

7976.000000 9976.000000 
8073.000000 9953.000000 
8035.000000 9968.000000 
8253.000000 9873.000000 
8616.000000 9653.000000 
8637.000000 9639.000000 
8965.000000 9560.000000 
8966.000000 9552.000000 
8978.000000 9539.000000 
8995.000000 9529.000000 
9006.000000 9514.000000 
9043.000000 9498.000000 
9030.000000 9511.000000 
9063.000000 9474.000000 
9081.000000 9440.000000 
9076.000000 9452.000000 
9083.000000 9437.000000 
9090.000000 9431.000000 
9129.000000 9403.000000 
9118.000000 9420.000000 
9210.000000 9323.000000 
9127.000000 9408.000000 
9281.000000 9242.000000 
9260.000000 9262.000000 
9286.000000 9220.000000 
9349.000000 9134.000000 
9354.000000 9105.000000 
9346.000000 9152.000000 
9583.000000 8776.000000 
9704.000000 8405.000000 
9697.000000 8462.000000 
9714.000000 8379.000000 
9705.000000 8389.000000 
9702.000000 8431.000000 
8704.000000 9633.000000 
8712.000000 9627.000000 
8748.000000 9614.000000 
8742.000000 9618.000000 
8133.000000 9887.000000 
8156.000000 9886.000000 
8283.000000 9837.000000 
8345.000000 9823.000000 
8334.000000 9830.000000 
8401.000000 9808.000000 
8376.000000 9813.000000 
8408.000000 9801.000000 
8541.000000 9781.000000 
8509.000000 9783.000000 
8558.000000 9777.000000 
8589.000000 9754.000000 
8579.000000 9760.000000 
8596.000000 9747.000000 
8872.000000 9578.000000 
8862.000000 9594.000000 
8864.000000 9583.000000 
9391.000000 9060.000000 
9409.000000 9047.000000 
9420.000000 9038.000000 
9396.000000 9052.000000 
9419.000000 9041.000000 
9389.000000 9091.000000 
9444.000000 9037.000000 
9518.000000 8869.000000 
9508.000000 8882.000000 
9478.000000 8925.000000 
9559.000000 8839.000000 
9543.000000 8848.000000 
9566.000000 8821.000000 
9575.000000 8810.000000 
9578.000000 8800.000000 
9585.000000 8765.000000 
9594.000000 8754.000000 
9619.000000 8733.000000 
9634.000000 8679.000000 
9635.000000 8660.000000 
9647.000000 8641.000000 
9631.000000 8687.000000 
9645.000000 8647.000000 
9655.000000 8625.000000 
9671.000000 8557.000000 
9683.000000 8550.000000 
9686.000000 8521.000000 
9666.000000 8581.000000 
9670.000000 8572.000000 
9698.000000 8460.000000 
9690.000000 8497.000000 
9693.000000 8493.000000 

7897.000000 9996.000000 
8065.000000 9970.000000 
8004.000000 9987.000000 
8193.000000 9933.000000 
8273.000000 9897.000000 
8321.000000 9883.000000 
8338.000000 9873.000000 
8358.000000 9867.000000 
8412.000000 9857.000000 
8359.000000 9866.000000 
8416.000000 9853.000000 
8405.000000 9864.000000 
8454.000000 9832.000000 
8447.000000 9839.000000 
8513.000000 9817.000000 
8533.000000 9809.000000 
8544.000000 9805.000000 
8551.000000 9796.000000 
8561.000000 9790.000000 
8584.000000 9766.000000 
8563.000000 9774.000000 
8979.000000 9483.000000 
8967.000000 9502.000000 
8970.000000 9490.000000 
9006.000000 9466.000000 
9038.000000 9462.000000 
9062.000000 9436.000000 
9066.000000 9423.000000 
9053.000000 9437.000000 
9145.000000 9345.000000 
9139.000000 9349.000000 
9176.000000 9333.000000 
9188.000000 9329.000000 
9211.000000 9303.000000 
9265.000000 9247.000000 
9269.000000 9223.000000 
9242.000000 9273.000000 
9248.000000 9257.000000 
9247.000000 9262.000000 
9280.000000 9217.000000 
9306.000000 9206.000000 
9316.000000 9190.000000 
9332.000000 9164.000000 
9359.000000 9107.000000 
9357.000000 9115.000000 
9356.000000 9119.000000 
9354.000000 9135.000000 
9392.000000 9097.000000 
9383.000000 9103.000000 
9402.000000 9083.000000 
9419.000000 9049.000000 
9415.000000 9058.000000 
9420.000000 9036.000000 
9448.000000 9013.000000 
9421.000000 9033.000000 
9496.000000 8954.000000 
9486.000000 8970.000000 
9534.000000 8894.000000 
9512.000000 8938.000000 
9522.000000 8925.000000 
9547.000000 8859.000000 
9535.000000 8879.000000 
9551.000000 8853.000000 
9579.000000 8848.000000 
9582.000000 8822.000000 
9611.000000 8707.000000 
9587.000000 8776.000000 
9622.000000 8654.000000 
9620.000000 8704.000000 
9702.000000 8406.000000 
9729.000000 8266.000000 
9718.000000 8303.000000 
9719.000000 8274.000000 
9707.000000 8353.000000 
9711.000000 8304.000000 
8854.000000 9557.000000 
8839.000000 9568.000000 
8778.000000 9647.000000 
8764.000000 9651.000000 
8706.000000 9697.000000 
9482.000000 8983.000000 
9474.000000 8984.000000 
9499.000000 8953.000000 
8756.000000 9655.000000 
8734.000000 9683.000000 
8749.000000 9676.000000 
8826.000000 9626.000000 
9584.000000 8793.000000 
9597.000000 8771.000000 
9524.000000 8917.000000 
9606.000000 8725.000000 
9630.000000 8639.000000 
9660.000000 8602.000000 
9690.000000 8549.000000 
9683.000000 8592.000000 
9657.000000 8634.000000 
9663.000000 8594.000000 
9686.000000 8552.000000 
9694.000000 8529.000000 
9703.000000 8356.000000 
9730.000000 8257.000000 
9723.000000 8267.000000 
9741.000000 8092.000000 
9739.000000 8168.000000 

7866.000000 9967.000000 
7906.000000 9963.000000 
7855.000000 9969.000000 
7825.000000 9970.000000 
8005.000000 9962.000000 
8078.000000 9948.000000 
8037.000000 9949.000000 
8404.000000 9835.000000 
8303.000000 9881.000000 
8352.000000 9857.000000 
8336.000000 9862.000000 
8413.000000 9833.000000 
8456.000000 9816.000000 
8453.000000 9826.000000 
8489.000000 9814.000000 
8519.000000 9806.000000 
8509.000000 9810.000000 
8559.000000 9789.000000 
8577.000000 9788.000000 
8621.000000 9786.000000 
8624.000000 9774.000000 
8651.000000 9752.000000 
8656.000000 9748.000000 
8697.000000 9718.000000 
8705.000000 9715.000000 
8768.000000 9694.000000 
8757.000000 9697.000000 
8779.000000 9660.000000 
8769.000000 9668.000000 
8785.000000 9655.000000 
8861.000000 9599.000000 
8856.000000 9611.000000 
8903.000000 9590.000000 
8865.000000 9591.000000 
8847.000000 9620.000000 
8905.000000 9570.000000 
9036.000000 9525.000000 
9054.000000 9506.000000 
9047.000000 9507.000000 
9066.000000 9485.000000 
9083.000000 9483.000000 
9065.000000 9502.000000 
9084.000000 9466.000000 
9095.000000 9463.000000 
9124.000000 9425.000000 
9105.000000 9457.000000 
9131.000000 9412.000000 
9140.000000 9408.000000 
9227.000000 9330.000000 
9210.000000 9334.000000 
9267.000000 9274.000000 
9250.000000 9294.000000 
9249.000000 9300.000000 
9254.000000 9293.000000 
9280.000000 9256.000000 
9268.000000 9263.000000 
9275.000000 9258.000000 
9306.000000 9249.000000 
9339.000000 9201.000000 
9337.000000 9227.000000 
9347.000000 9184.000000 
9355.000000 9175.000000 
9348.000000 9177.000000 
9365.000000 9162.000000 
9372.000000 9144.000000 
9383.000000 9140.000000 
9408.000000 9087.000000 
9391.000000 9131.000000 
9399.000000 9128.000000 
9420.000000 9080.000000 
9460.000000 9023.000000 
9442.000000 9038.000000 
9440.000000 9075.000000 
9491.000000 8993.000000 
9483.000000 9005.000000 
9504.000000 8972.000000 
9538.000000 8897.000000 
9520.000000 8918.000000 
9518.000000 8939.000000 
9532.000000 8914.000000 
9630.000000 8761.000000 
9652.000000 8696.000000 
9662.000000 8683.000000 
9685.000000 8601.000000 
9679.000000 8622.000000 
9686.000000 8597.000000 
9689.000000 8574.000000 
9724.000000 8463.000000 
8809.000000 9622.000000 
8671.000000 9725.000000 
9007.000000 9539.000000 
8969.000000 9560.000000 
9169.000000 9379.000000 
9186.000000 9370.000000 
9152.000000 9400.000000 
9148.000000 9403.000000 
9127.000000 9417.000000 
9114.000000 9441.000000 
9115.000000 9434.000000 
9116.000000 9432.000000 
9192.000000 9338.000000 
9607.000000 8781.000000 
9579.000000 8881.000000 
9604.000000 8813.000000 
9571.000000 8894.000000 
9589.000000 8868.000000 
9606.000000 8791.000000 
9653.000000 8686.000000 
9617.000000 8772.000000 
9667.000000 8664.000000 
9672.000000 8650.000000 
9674.000000 8644.000000 
9603.000000 8843.000000 
9645.000000 8731.000000 
9661.000000 8685.000000 
9690.000000 8561.000000 
9701.000000 8539.000000 
9717.000000 8491.000000 
9707.000000 8495.000000 
9706.000000 8528.000000 
9696.000000 8544.000000 
9710.000000 8492.000000 
9739.000000 8187.000000 
9732.000000 8317.000000 
9733.000000 8285.000000 
9738.000000 8273.000000 

7922.000000 9985.000000 
7970.000000 9981.000000 
7885.000000 10000.000000 
9788.000000 8126.000000 
9782.000000 8132.000000 
9776.000000 8169.000000 
9798.000000 8113.000000 
8134.000000 9909.000000 
8097.000000 9924.000000 
8092.000000 9938.000000 
8120.000000 9920.000000 
8098.000000 9923.000000 
8184.000000 9901.000000 
8158.000000 9907.000000 
8169.000000 9905.000000 
8289.000000 9875.000000 
8279.000000 9877.000000 
8325.000000 9874.000000 
8267.000000 9895.000000 
8338.000000 9863.000000 
8355.000000 9853.000000 
8361.000000 9852.000000 
8405.000000 9845.000000 
8441.000000 9844.000000 
8386.000000 9848.000000 
8449.000000 9831.000000 
8562.000000 9793.000000 
8497.000000 9815.000000 
8502.000000 9814.000000 
8516.000000 9803.000000 
8561.000000 9797.000000 
8567.000000 9786.000000 
8604.000000 9777.000000 
8625.000000 9775.000000 
8644.000000 9767.000000 
8665.000000 9737.000000 
8702.000000 9727.000000 
8664.000000 9748.000000 
8676.000000 9735.000000 
8659.000000 9755.000000 
8661.000000 9753.000000 
8697.000000 9734.000000 
8791.000000 9671.000000 
8814.000000 9652.000000 
8831.000000 9645.000000 
8834.000000 9632.000000 
8811.000000 9659.000000 
8816.000000 9651.000000 
8820.000000 9649.000000 
8916.000000 9580.000000 
8918.000000 9573.000000 
8944.000000 9569.000000 
8969.000000 9552.000000 
8962.000000 9558.000000 
8964.000000 9553.000000 
9006.000000 9487.000000 
9004.000000 9497.000000 
9030.000000 9485.000000 
9007.000000 9486.000000 
9045.000000 9464.000000 
9036.000000 9484.000000 
9147.000000 9413.000000 
9159.000000 9396.000000 
9149.000000 9399.000000 
9163.000000 9378.000000 
9145.000000 9415.000000 
9172.000000 9377.000000 
9186.000000 9345.000000 
9183.000000 9352.000000 
9174.000000 9353.000000 
9209.000000 9321.000000 
9231.000000 9299.000000 
9201.000000 9340.000000 
9222.000000 9316.000000 
9241.000000 9297.000000 
9254.000000 9275.000000 
9256.000000 9269.000000 
9246.000000 9276.000000 
9257.000000 9268.000000 
9258.000000 9257.000000 
9264.000000 9256.000000 
9346.000000 9178.000000 
9359.000000 9172.000000 
9343.000000 9201.000000 
9377.000000 9140.000000 
9363.000000 9141.000000 
9392.000000 9135.000000 
9404.000000 9108.000000 
9421.000000 9078.000000 
9409.000000 9104.000000 
9411.000000 9091.000000 
9426.000000 9074.000000 
9416.000000 9089.000000 
9465.000000 9042.000000 
9432.000000 9063.000000 
9436.000000 9056.000000 
9503.000000 8964.000000 
9477.000000 9006.000000 
9522.000000 8918.000000 
9528.000000 8912.000000 
9500.000000 8976.000000 
9512.000000 8957.000000 
9535.000000 8902.000000 
9556.000000 8864.000000 
9550.000000 8899.000000 
9554.000000 8874.000000 
9582.000000 8847.000000 
9585.000000 8844.000000 
9578.000000 8854.000000 
9601.000000 8813.000000 
9590.000000 8835.000000 
9621.000000 8747.000000 
9602.000000 8811.000000 
9617.000000 8792.000000 
9623.000000 8725.000000 
9642.000000 8691.000000 
9659.000000 8606.000000 
9658.000000 8610.000000 
9644.000000 8625.000000 
9673.000000 8546.000000 
9703.000000 8324.000000 
9700.000000 8465.000000 

7943.000000 9970.000000 
8085.000000 9942.000000 
8123.000000 9933.000000 
8861.000000 9496.000000 
8870.000000 9487.000000 
8853.000000 9512.000000 
8872.000000 9481.000000 
9219.000000 9186.000000 
9632.000000 8624.000000 
8172.000000 9857.000000 
8192.000000 9856.000000 
8245.000000 9855.000000 
8254.000000 9844.000000 
8310.000000 9840.000000 
8409.000000 9795.000000 
8382.000000 9824.000000 
8389.000000 9822.000000 
8355.000000 9827.000000 
8399.000000 9811.000000 
8494.000000 9786.000000 
8520.000000 9774.000000 
8529.000000 9773.000000 
8757.000000 9617.000000 
8742.000000 9657.000000 
8713.000000 9680.000000 
8790.000000 9616.000000 
8598.000000 9746.000000 
8809.000000 9615.000000 
8811.000000 9593.000000 
9324.000000 9161.000000 
9315.000000 9172.000000 
9312.000000 9177.000000 
9320.000000 9170.000000 
9327.000000 9152.000000 
9338.000000 9130.000000 
9348.000000 9117.000000 
9337.000000 9147.000000 
9339.000000 9125.000000 
9341.000000 9118.000000 
9370.000000 9062.000000 
9378.000000 9037.000000 
9387.000000 9026.000000 
9397.000000 9013.000000 
9371.000000 9045.000000 
9419.000000 8997.000000 
9445.000000 8955.000000 
9435.000000 8968.000000 
9442.000000 8956.000000 
9485.000000 8946.000000 
9484.000000 8951.000000 
9492.000000 8928.000000 
9482.000000 8953.000000 
9489.000000 8939.000000 
9518.000000 8880.000000 
9516.000000 8923.000000 
9562.000000 8810.000000 
9540.000000 8852.000000 
9547.000000 8846.000000 
9539.000000 8855.000000 
9535.000000 8878.000000 
9536.000000 8861.000000 
9561.000000 8823.000000 
9559.000000 8840.000000 
9591.000000 8774.000000 
9567.000000 8806.000000 
9593.000000 8752.000000 
9588.000000 8803.000000 
9590.000000 8781.000000 
9626.000000 8687.000000 
9616.000000 8710.000000 
9600.000000 8714.000000 
9627.000000 8660.000000 
9628.000000 8643.000000 
9637.000000 8609.000000 
9631.000000 8628.000000 
9644.000000 8553.000000 
9652.000000 8530.000000 
9687.000000 8414.000000 
9690.000000 8409.000000 
9680.000000 8503.000000 
9683.000000 8484.000000 
9696.000000 8321.000000 
9702.000000 8277.000000 

7837.000000 10019.000000 
7779.000000 10025.000000 
7742.000000 10036.000000 
7765.000000 10035.000000 
7806.000000 10024.000000 
7826.000000 10021.000000 
7863.000000 10008.000000 
7996.000000 9993.000000 
7966.000000 10005.000000 
7959.000000 10007.000000 
8072.000000 9966.000000 
8049.000000 9981.000000 
8107.000000 9962.000000 
8201.000000 9958.000000 
8204.000000 9950.000000 
8225.000000 9945.000000 
8253.000000 9938.000000 
8217.000000 9948.000000 
8227.000000 9943.000000 
8278.000000 9921.000000 
8262.000000 9924.000000 
8289.000000 9908.000000 
8377.000000 9889.000000 
8443.000000 9864.000000 
8500.000000 9824.000000 
8501.000000 9813.000000 
8482.000000 9855.000000 
8489.000000 9848.000000 
9141.000000 9404.000000 
9154.000000 9382.000000 
9167.000000 9378.000000 
9196.000000 9355.000000 
9200.000000 9342.000000 
9183.000000 9376.000000 
9189.000000 9365.000000 
9207.000000 9332.000000 
9199.000000 9349.000000 
9209.000000 9330.000000 
9229.000000 9326.000000 
9239.000000 9313.000000 
9245.000000 9309.000000 
9238.000000 9315.000000 
9304.000000 9212.000000 
9288.000000 9227.000000 
9321.000000 9195.000000 
9434.000000 9026.000000 
9444.000000 9013.000000 
9471.000000 8997.000000 
9475.000000 8975.000000 
9465.000000 9003.000000 
9474.000000 8980.000000 
9493.000000 8965.000000 
9512.000000 8936.000000 
9525.000000 8914.000000 
9605.000000 8730.000000 
9604.000000 8734.000000 
9614.000000 8714.000000 
9709.000000 8319.000000 
9700.000000 8387.000000 
8523.000000 9769.000000 
8552.000000 9763.000000 
8597.000000 9755.000000 
8634.000000 9747.000000 
8652.000000 9746.000000 
8706.000000 9727.000000 
8905.000000 9568.000000 
8935.000000 9551.000000 
8936.000000 9546.000000 
8941.000000 9541.000000 
8958.000000 9532.000000 
8925.000000 9556.000000 
8812.000000 9650.000000 
8789.000000 9674.000000 
8807.000000 9659.000000 
9025.000000 9470.000000 
9108.000000 9445.000000 
9008.000000 9478.000000 
9003.000000 9510.000000 
9246.000000 9300.000000 
9233.000000 9322.000000 
9281.000000 9257.000000 
9284.000000 9245.000000 
9046.000000 9455.000000 
9494.000000 8963.000000 
9503.000000 8942.000000 
9374.000000 9139.000000 
9359.000000 9152.000000 
9423.000000 9085.000000 
9425.000000 9063.000000 
9390.000000 9122.000000 
9539.000000 8907.000000 
9548.000000 8872.000000 
9572.000000 8831.000000 
9593.000000 8737.000000 
9581.000000 8820.000000 
9589.000000 8783.000000 
9627.000000 8677.000000 
9671.000000 8573.000000 
9684.000000 8519.000000 
9667.000000 8584.000000 
9652.000000 8638.000000 
9642.000000 8664.000000 
9692.000000 8484.000000 
9695.000000 8463.000000 
9704.000000 8365.000000 
9702.000000 8377.000000 

8192.000000 9887.000000 
8218.000000 9883.000000 
8276.000000 9856.000000 
8257.000000 9866.000000 
8391.000000 9834.000000 
8372.000000 9842.000000 
8408.000000 9830.000000 
8485.000000 9801.000000 
8465.000000 9809.000000 
8494.000000 9786.000000 
8532.000000 9773.000000 
8489.000000 9787.000000 
8562.000000 9772.000000 
8891.000000 9534.000000 
8896.000000 9509.000000 
8986.000000 9430.000000 
9064.000000 9405.000000 
9067.000000 9400.000000 
9074.000000 9392.000000 
9136.000000 9349.000000 
9116.000000 9382.000000 
9218.000000 9314.000000 
9243.000000 9259.000000 
9241.000000 9290.000000 
9219.000000 9292.000000 
9297.000000 9218.000000 
9307.000000 9208.000000 
9324.000000 9199.000000 
9334.000000 9186.000000 
9349.000000 9165.000000 
9341.000000 9180.000000 
9353.000000 9160.000000 
9363.000000 9147.000000 
9405.000000 9109.000000 
9417.000000 9089.000000 
9366.000000 9135.000000 
9424.000000 9040.000000 
9427.000000 9028.000000 
9433.000000 9009.000000 
9455.000000 8985.000000 
9462.000000 8958.000000 
9473.000000 8954.000000 
9463.000000 8955.000000 
9475.000000 8936.000000 
9492.000000 8932.000000 
9511.000000 8905.000000 
9661.000000 8630.000000 
9651.000000 8643.000000 
9662.000000 8598.000000 
9679.000000 8568.000000 
9684.000000 8533.000000 
9673.000000 8578.000000 
9669.000000 8581.000000 
9686.000000 8438.000000 
9717.000000 8288.000000 
9701.000000 8361.000000 
9696.000000 8396.000000 
9704.000000 8312.000000 
8153.000000 9894.000000 
8172.000000 9893.000000 
8143.000000 9905.000000 
8106.000000 9910.000000 
8588.000000 9755.000000 
8623.000000 9749.000000 
8632.000000 9748.000000 
8663.000000 9743.000000 
8585.000000 9771.000000 
8253.000000 9881.000000 
8235.000000 9882.000000 
8788.000000 9648.000000 
8757.000000 9676.000000 
8758.000000 9659.000000 
8879.000000 9608.000000 
8857.000000 9622.000000 
8860.000000 9610.000000 
9539.000000 8898.000000 
9549.000000 8885.000000 
9559.000000 8862.000000 
9568.000000 8851.000000 
9555.000000 8879.000000 
9565.000000 8856.000000 
9575.000000 8843.000000 
9593.000000 8800.000000 
9588.000000 8807.000000 
9606.000000 8782.000000 
9587.000000 8826.000000 
9607.000000 8749.000000 
9610.000000 8742.000000 
9627.000000 8714.000000 
9621.000000 8734.000000 
9625.000000 8733.000000 
9647.000000 8653.000000 
9652.000000 8641.000000 
9645.000000 8708.000000 
9646.000000 8656.000000 

7928.000000 9993.000000 
7963.000000 9980.000000 
7964.000000 9977.000000 
7996.000000 9961.000000 
7979.000000 9966.000000 
8040.000000 9958.000000 
8218.000000 9914.000000 
8432.000000 9862.000000 
8444.000000 9856.000000 
8435.000000 9857.000000 
8460.000000 9855.000000 
8491.000000 9846.000000 
8500.000000 9845.000000 
8478.000000 9848.000000 
8518.000000 9818.000000 
8502.000000 9836.000000 
8516.000000 9830.000000 
8733.000000 9698.000000 
8749.000000 9689.000000 
8808.000000 9668.000000 
8821.000000 9600.000000 
8820.000000 9618.000000 
8851.000000 9598.000000 
8871.000000 9591.000000 
9172.000000 9388.000000 
9163.000000 9405.000000 
8996.000000 9512.000000 
9203.000000 9366.000000 
9204.000000 9363.000000 
9219.000000 9343.000000 
9230.000000 9340.000000 
9218.000000 9360.000000 
9299.000000 9240.000000 
9352.000000 9173.000000 
9351.000000 9205.000000 
9388.000000 9167.000000 
9395.000000 9161.000000 
9405.000000 9148.000000 
9408.000000 9141.000000 
9424.000000 9107.000000 
9421.000000 9119.000000 
9453.000000 9067.000000 
9430.000000 9104.000000 
9438.000000 9087.000000 
9466.000000 9042.000000 
9484.000000 9035.000000 
9530.000000 8931.000000 
9525.000000 8941.000000 
9514.000000 8968.000000 
9517.000000 8953.000000 
9512.000000 8990.000000 
9553.000000 8898.000000 
9546.000000 8916.000000 
9548.000000 8901.000000 
9545.000000 8923.000000 
9558.000000 8874.000000 
9590.000000 8839.000000 
9562.000000 8858.000000 
9595.000000 8811.000000 
9602.000000 8776.000000 
9600.000000 8798.000000 
9624.000000 8713.000000 
9636.000000 8710.000000 
9641.000000 8699.000000 
9660.000000 8641.000000 
9658.000000 8658.000000 
9655.000000 8677.000000 
9687.000000 8572.000000 
9690.000000 8561.000000 
9717.000000 8481.000000 
9702.000000 8484.000000 
9693.000000 8539.000000 
9696.000000 8509.000000 
8095.000000 9949.000000 
8131.000000 9947.000000 
8134.000000 9918.000000 
8243.000000 9900.000000 
8222.000000 9904.000000 
8385.000000 9885.000000 
8320.000000 9890.000000 
8603.000000 9776.000000 
8668.000000 9750.000000 
8712.000000 9738.000000 
8698.000000 9744.000000 
9489.000000 8992.000000 
9606.000000 8769.000000 
8785.000000 9687.000000 
8797.000000 9673.000000 
8800.000000 9670.000000 
8814.000000 9664.000000 
8789.000000 9674.000000 
8818.000000 9645.000000 
8817.000000 9656.000000 
9651.000000 8691.000000 
8950.000000 9555.000000 
8924.000000 9572.000000 
8960.000000 9542.000000 
8961.000000 9533.000000 
9238.000000 9296.000000 
9233.000000 9300.000000 
9231.000000 9314.000000 
8974.000000 9530.000000 
8978.000000 9518.000000 
9250.000000 9295.000000 
9262.000000 9269.000000 
9270.000000 9263.000000 
9268.000000 9265.000000 
9257.000000 9287.000000 
9363.000000 9171.000000 
9280.000000 9247.000000 
9614.000000 8763.000000 
9677.000000 8639.000000 
9682.000000 8602.000000 
9679.000000 8617.000000 
9723.000000 8382.000000 
9756.000000 8211.000000 
9751.000000 8265.000000 
9749.000000 8342.000000 

7911.000000 9983.000000 
7941.000000 9982.000000 
7880.000000 9989.000000 
7963.000000 9976.000000 
7989.000000 9969.000000 
8001.000000 9964.000000 
8026.000000 9958.000000 
8133.000000 9954.000000 
8305.000000 9899.000000 
8470.000000 9846.000000 
8488.000000 9827.000000 
8544.000000 9810.000000 
8539.000000 9821.000000 
8647.000000 9730.000000 
8577.000000 9808.000000 
8666.000000 9705.000000 
8659.000000 9716.000000 
8669.000000 9703.000000 
8674.000000 9701.000000 
8810.000000 9613.000000 
8782.000000 9648.000000 
8789.000000 9617.000000 
8888.000000 9594.000000 
8892.000000 9582.000000 
8963.000000 9551.000000 
8992.000000 9528.000000 
8999.000000 9510.000000 
8974.000000 9547.000000 
8982.000000 9541.000000 
9038.000000 9440.000000 
9020.000000 9494.000000 
9025.000000 9473.000000 
9100.000000 9419.000000 
9117.000000 9400.000000 
9110.000000 9406.000000 
9216.000000 9228.000000 
9207.000000 9253.000000 
9204.000000 9287.000000 
9219.000000 9206.000000 
9209.000000 9243.000000 
9229.000000 9187.000000 
9373.000000 9063.000000 
9371.000000 9064.000000 
9476.000000 8969.000000 
9479.000000 8960.000000 
9510.000000 8953.000000 
9499.000000 8957.000000 
9511.000000 8931.000000 
9520.000000 8930.000000 
9528.000000 8900.000000 
9532.000000 8888.000000 
9527.000000 8912.000000 
9546.000000 8854.000000 
9566.000000 8825.000000 
9555.000000 8851.000000 
9556.000000 8842.000000 
9595.000000 8766.000000 
9586.000000 8818.000000 
9597.000000 8764.000000 
9621.000000 8685.000000 
9615.000000 8737.000000 
9598.000000 8760.000000 
9619.000000 8728.000000 
9620.000000 8687.000000 
9639.000000 8651.000000 
9638.000000 8673.000000 
9691.000000 8500.000000 
9688.000000 8540.000000 
9690.000000 8504.000000 
9715.000000 8364.000000 
9050.000000 9421.000000 
8951.000000 9552.000000 
8933.000000 9567.000000 
8916.000000 9571.000000 
8913.000000 9573.000000 
8944.000000 9554.000000 
9409.000000 9028.000000 
9387.000000 9039.000000 
9380.000000 9051.000000 
9353.000000 9113.000000 
9352.000000 9115.000000 
9369.000000 9084.000000 
9313.000000 9164.000000 
9348.000000 9120.000000 
9335.000000 9142.000000 
9344.000000 9131.000000 
9645.000000 8645.000000 
9630.000000 8674.000000 
9357.000000 9095.000000 
9682.000000 8594.000000 
9672.000000 8607.000000 
9654.000000 8632.000000 
9625.000000 8683.000000 
9458.000000 8999.000000 
9692.000000 8480.000000 
9712.000000 8376.000000 
9706.000000 8450.000000 
9710.000000 8390.000000 
