
7853.000000 10000.000000 
7901.000000 9976.000000 
7979.000000 9970.000000 
8004.000000 9961.000000 
7975.000000 9971.000000 
8018.000000 9954.000000 
8249.000000 9872.000000 
8307.000000 9854.000000 
8291.000000 9865.000000 
8183.000000 9913.000000 
8182.000000 9930.000000 
8368.000000 9836.000000 
8363.000000 9847.000000 
8356.000000 9848.000000 
8343.000000 9853.000000 
8675.000000 9686.000000 
8716.000000 9683.000000 
8763.000000 9630.000000 
8744.000000 9641.000000 
8769.000000 9624.000000 
8990.000000 9504.000000 
9080.000000 9426.000000 
9162.000000 9337.000000 
9165.000000 9332.000000 
9180.000000 9322.000000 
9191.000000 9317.000000 
9258.000000 9240.000000 
9255.000000 9245.000000 
9278.000000 9217.000000 
9252.000000 9254.000000 
9418.000000 9101.000000 
9419.000000 9084.000000 
9430.000000 9076.000000 
9423.000000 9082.000000 
9481.000000 9000.000000 
9658.000000 8651.000000 
9689.000000 8539.000000 
9674.000000 8606.000000 
9679.000000 8593.000000 
9690.000000 8520.000000 
9688.000000 8546.000000 
9683.000000 8581.000000 
9707.000000 8484.000000 
9685.000000 8558.000000 
9697.000000 8507.000000 
9717.000000 8471.000000 
9722.000000 8412.000000 
9718.000000 8449.000000 
9729.000000 8402.000000 
9719.000000 8417.000000 
9735.000000 8369.000000 
9757.000000 8171.000000 
9747.000000 8198.000000 
8187.000000 9878.000000 
8533.000000 9763.000000 
8522.000000 9766.000000 
8911.000000 9578.000000 
8893.000000 9588.000000 
8899.000000 9580.000000 
8924.000000 9571.000000 
8581.000000 9729.000000 
8641.000000 9711.000000 
8591.000000 9724.000000 
8637.000000 9722.000000 
8973.000000 9536.000000 
8945.000000 9568.000000 
8958.000000 9564.000000 
8954.000000 9567.000000 
9650.000000 8654.000000 
9028.000000 9501.000000 
9068.000000 9450.000000 
9058.000000 9454.000000 
9057.000000 9465.000000 
9053.000000 9479.000000 
9070.000000 9441.000000 
9639.000000 8766.000000 
9213.000000 9297.000000 
9204.000000 9298.000000 
9203.000000 9315.000000 
9359.000000 9140.000000 
9352.000000 9148.000000 
9351.000000 9166.000000 
9380.000000 9139.000000 
9398.000000 9125.000000 
9403.000000 9104.000000 
9446.000000 9054.000000 
9445.000000 9059.000000 
9436.000000 9067.000000 
9472.000000 9050.000000 
9486.000000 8979.000000 
9484.000000 8981.000000 
9499.000000 8971.000000 
9558.000000 8875.000000 
9544.000000 8922.000000 
9525.000000 8959.000000 
9594.000000 8822.000000 
9603.000000 8813.000000 
9607.000000 8811.000000 
9626.000000 8768.000000 
9648.000000 8737.000000 
9624.000000 8780.000000 
9622.000000 8802.000000 
9666.000000 8624.000000 
9694.000000 8509.000000 
9701.000000 8506.000000 
9744.000000 8332.000000 
9702.000000 8489.000000 

7901.000000 9966.000000 
8004.000000 9946.000000 
8011.000000 9944.000000 
8178.000000 9927.000000 
8113.000000 9939.000000 
8129.000000 9934.000000 
8202.000000 9920.000000 
8234.000000 9907.000000 
8230.000000 9919.000000 
8261.000000 9889.000000 
8245.000000 9901.000000 
8250.000000 9895.000000 
8330.000000 9875.000000 
8530.000000 9796.000000 
8636.000000 9712.000000 
8672.000000 9711.000000 
8629.000000 9773.000000 
8630.000000 9762.000000 
8853.000000 9663.000000 
9284.000000 9245.000000 
9316.000000 9212.000000 
9311.000000 9225.000000 
9356.000000 9181.000000 
9313.000000 9217.000000 
9338.000000 9208.000000 
9408.000000 9109.000000 
9409.000000 9067.000000 
9477.000000 8909.000000 
9488.000000 8878.000000 
9487.000000 8885.000000 
9476.000000 8947.000000 
9484.000000 8897.000000 
9580.000000 8771.000000 
9608.000000 8710.000000 
9581.000000 8763.000000 
9647.000000 8685.000000 
9670.000000 8677.000000 
9688.000000 8645.000000 
9728.000000 8423.000000 
9742.000000 8400.000000 
9749.000000 8320.000000 
9468.000000 8948.000000 
8414.000000 9797.000000 
8367.000000 9833.000000 
8360.000000 9840.000000 
8991.000000 9534.000000 
8816.000000 9670.000000 
8969.000000 9558.000000 
8863.000000 9652.000000 
8865.000000 9644.000000 
8876.000000 9639.000000 
9029.000000 9527.000000 
8949.000000 9581.000000 
8926.000000 9599.000000 
9034.000000 9522.000000 
9050.000000 9513.000000 
9100.000000 9468.000000 
9086.000000 9473.000000 
9107.000000 9450.000000 
9136.000000 9445.000000 
9114.000000 9448.000000 
9171.000000 9385.000000 
9181.000000 9372.000000 
9240.000000 9317.000000 
9208.000000 9340.000000 
9455.000000 9062.000000 
9244.000000 9286.000000 
9247.000000 9262.000000 
9366.000000 9168.000000 
9699.000000 8567.000000 
9697.000000 8589.000000 
9460.000000 9027.000000 
9708.000000 8527.000000 
9704.000000 8538.000000 
9701.000000 8552.000000 
9710.000000 8515.000000 
9713.000000 8507.000000 
9721.000000 8486.000000 
9719.000000 8504.000000 
9725.000000 8476.000000 

7695.000000 10008.000000 
7763.000000 10004.000000 
7777.000000 10001.000000 
8018.000000 9998.000000 
8150.000000 9963.000000 
8149.000000 9965.000000 
8197.000000 9960.000000 
8179.000000 9961.000000 
8247.000000 9939.000000 
8429.000000 9856.000000 
8401.000000 9883.000000 
8518.000000 9806.000000 
8527.000000 9801.000000 
8540.000000 9793.000000 
8517.000000 9817.000000 
8627.000000 9787.000000 
8648.000000 9781.000000 
8659.000000 9768.000000 
8671.000000 9757.000000 
8661.000000 9766.000000 
8734.000000 9725.000000 
8782.000000 9691.000000 
8753.000000 9699.000000 
8745.000000 9700.000000 
8805.000000 9669.000000 
8831.000000 9655.000000 
8828.000000 9660.000000 
8849.000000 9653.000000 
8859.000000 9640.000000 
8879.000000 9613.000000 
8877.000000 9625.000000 
8867.000000 9638.000000 
8926.000000 9583.000000 
8912.000000 9600.000000 
8916.000000 9596.000000 
8992.000000 9538.000000 
8987.000000 9541.000000 
8977.000000 9564.000000 
9039.000000 9506.000000 
9030.000000 9507.000000 
9052.000000 9490.000000 
9028.000000 9521.000000 
9025.000000 9533.000000 
9279.000000 9256.000000 
9277.000000 9278.000000 
9298.000000 9250.000000 
9278.000000 9262.000000 
9291.000000 9253.000000 
9109.000000 9434.000000 
9113.000000 9392.000000 
9422.000000 9070.000000 
9427.000000 9011.000000 
9455.000000 9009.000000 
9466.000000 9004.000000 
9476.000000 8975.000000 
9471.000000 8984.000000 
9534.000000 8929.000000 
9567.000000 8890.000000 
9580.000000 8854.000000 
9575.000000 8866.000000 
9582.000000 8848.000000 
9577.000000 8862.000000 
9600.000000 8821.000000 
9606.000000 8800.000000 
9631.000000 8795.000000 
9687.000000 8678.000000 
9692.000000 8619.000000 
9666.000000 8694.000000 
9696.000000 8606.000000 
9708.000000 8543.000000 
9741.000000 8421.000000 
9755.000000 8257.000000 
9307.000000 9241.000000 
8118.000000 9971.000000 
8039.000000 9973.000000 
9212.000000 9355.000000 
9181.000000 9378.000000 
9165.000000 9387.000000 
9228.000000 9321.000000 
9264.000000 9296.000000 
9248.000000 9313.000000 
8349.000000 9890.000000 
9571.000000 8879.000000 
9604.000000 8814.000000 
9579.000000 8859.000000 
9609.000000 8797.000000 
9557.000000 8903.000000 
9547.000000 8926.000000 
9641.000000 8746.000000 
9548.000000 8914.000000 
9574.000000 8872.000000 
9564.000000 8895.000000 
9554.000000 8908.000000 
9593.000000 8836.000000 
9611.000000 8796.000000 
9658.000000 8734.000000 
9679.000000 8688.000000 
9713.000000 8536.000000 
9726.000000 8482.000000 
9655.000000 8744.000000 
9665.000000 8731.000000 
9731.000000 8424.000000 
9722.000000 8490.000000 
9752.000000 8347.000000 
9754.000000 8269.000000 
9758.000000 8236.000000 
9753.000000 8315.000000 

8017.000000 9990.000000 
7966.000000 9999.000000 
8001.000000 9994.000000 
7929.000000 10004.000000 
7993.000000 9997.000000 
8034.000000 9979.000000 
8073.000000 9976.000000 
8622.000000 9775.000000 
8624.000000 9759.000000 
8615.000000 9779.000000 
8667.000000 9757.000000 
8691.000000 9748.000000 
8709.000000 9735.000000 
8724.000000 9726.000000 
8708.000000 9741.000000 
8710.000000 9733.000000 
8740.000000 9712.000000 
8779.000000 9692.000000 
9071.000000 9459.000000 
9089.000000 9451.000000 
9383.000000 9082.000000 
9353.000000 9135.000000 
9388.000000 9081.000000 
9376.000000 9100.000000 
9378.000000 9094.000000 
9389.000000 9064.000000 
9432.000000 9022.000000 
9445.000000 9017.000000 
9602.000000 8797.000000 
9580.000000 8850.000000 
9594.000000 8811.000000 
9593.000000 8828.000000 
9633.000000 8772.000000 
9655.000000 8707.000000 
9646.000000 8731.000000 
9628.000000 8785.000000 
9635.000000 8750.000000 
9690.000000 8557.000000 
9687.000000 8608.000000 
9688.000000 8576.000000 
9719.000000 8496.000000 
9706.000000 8550.000000 
9713.000000 8508.000000 
9708.000000 8531.000000 
8080.000000 9927.000000 
8164.000000 9901.000000 
8148.000000 9925.000000 
8162.000000 9909.000000 
8203.000000 9900.000000 
8252.000000 9896.000000 
8292.000000 9879.000000 
8268.000000 9884.000000 
9255.000000 9260.000000 
9251.000000 9269.000000 
8439.000000 9809.000000 
8426.000000 9834.000000 
8436.000000 9821.000000 
8504.000000 9806.000000 
8790.000000 9628.000000 
8780.000000 9632.000000 
8806.000000 9620.000000 
8844.000000 9611.000000 
8847.000000 9606.000000 
8851.000000 9589.000000 
8852.000000 9567.000000 
8957.000000 9552.000000 
8974.000000 9548.000000 
8977.000000 9545.000000 
9005.000000 9525.000000 
8976.000000 9546.000000 
8987.000000 9526.000000 
9008.000000 9509.000000 
9062.000000 9469.000000 
9043.000000 9495.000000 
9056.000000 9476.000000 
9074.000000 9457.000000 
9099.000000 9415.000000 
9119.000000 9403.000000 
9147.000000 9371.000000 
9131.000000 9383.000000 
9137.000000 9381.000000 
9159.000000 9352.000000 
9231.000000 9329.000000 
9250.000000 9303.000000 
9249.000000 9314.000000 
9326.000000 9208.000000 
9309.000000 9230.000000 
9306.000000 9247.000000 
9316.000000 9224.000000 
9346.000000 9152.000000 
9357.000000 9130.000000 
9333.000000 9174.000000 
9490.000000 8998.000000 
9515.000000 8994.000000 
9526.000000 8944.000000 
9518.000000 8954.000000 
9525.000000 8946.000000 
9547.000000 8919.000000 
9542.000000 8940.000000 
9571.000000 8859.000000 
9555.000000 8883.000000 
9554.000000 8916.000000 
9562.000000 8875.000000 
9557.000000 8880.000000 
9720.000000 8419.000000 

7943.000000 9955.000000 
7940.000000 9987.000000 
8111.000000 9938.000000 
8096.000000 9945.000000 

7684.000000 10053.000000 
7711.000000 10049.000000 
7734.000000 10045.000000 
7760.000000 10034.000000 
7752.000000 10036.000000 
7943.000000 10002.000000 
8080.000000 9994.000000 
8134.000000 9981.000000 
8277.000000 9914.000000 
8254.000000 9932.000000 
8354.000000 9878.000000 
8332.000000 9904.000000 
8339.000000 9879.000000 
8477.000000 9835.000000 
8440.000000 9840.000000 
8419.000000 9862.000000 
8516.000000 9822.000000 
8522.000000 9805.000000 
8503.000000 9824.000000 
8547.000000 9799.000000 
8543.000000 9800.000000 
8572.000000 9794.000000 
8573.000000 9788.000000 
8566.000000 9795.000000 
8627.000000 9753.000000 
8660.000000 9712.000000 
8659.000000 9752.000000 
8787.000000 9690.000000 
8791.000000 9663.000000 
8799.000000 9657.000000 
8849.000000 9641.000000 
8848.000000 9652.000000 
8852.000000 9639.000000 
8853.000000 9635.000000 
8947.000000 9603.000000 
8958.000000 9588.000000 
9049.000000 9501.000000 
9083.000000 9460.000000 
9099.000000 9454.000000 
9105.000000 9444.000000 
9112.000000 9438.000000 
9130.000000 9423.000000 
9141.000000 9414.000000 
9148.000000 9408.000000 
9188.000000 9387.000000 
9284.000000 9251.000000 
9359.000000 9162.000000 
9453.000000 9072.000000 
9463.000000 9031.000000 
9461.000000 9034.000000 
9479.000000 9030.000000 
9493.000000 9004.000000 
9495.000000 8991.000000 
9505.000000 8983.000000 
9503.000000 8984.000000 
9498.000000 8987.000000 
9521.000000 8974.000000 
9573.000000 8875.000000 
9542.000000 8905.000000 
9534.000000 8920.000000 
9560.000000 8897.000000 
9579.000000 8848.000000 
9597.000000 8792.000000 
9633.000000 8754.000000 
9654.000000 8654.000000 
9650.000000 8707.000000 
9631.000000 8776.000000 
9645.000000 8711.000000 
9643.000000 8733.000000 
9637.000000 8749.000000 
9651.000000 8696.000000 
9663.000000 8643.000000 
9664.000000 8629.000000 
9652.000000 8676.000000 
9668.000000 8595.000000 
9676.000000 8557.000000 
9686.000000 8520.000000 
9688.000000 8506.000000 
9717.000000 8457.000000 
9739.000000 8374.000000 
9723.000000 8422.000000 
9715.000000 8465.000000 
9747.000000 8240.000000 
9742.000000 8244.000000 
9758.000000 8095.000000 
9013.000000 9523.000000 
9038.000000 9506.000000 
8801.000000 9655.000000 
8998.000000 9562.000000 
9009.000000 9540.000000 
8969.000000 9585.000000 
8987.000000 9565.000000 
8971.000000 9574.000000 
8933.000000 9605.000000 
8980.000000 9573.000000 
9036.000000 9508.000000 
9022.000000 9518.000000 
9068.000000 9488.000000 
9066.000000 9494.000000 
9035.000000 9517.000000 
9082.000000 9467.000000 
9064.000000 9496.000000 
9079.000000 9470.000000 
9073.000000 9476.000000 
9160.000000 9393.000000 
9150.000000 9403.000000 
9089.000000 9457.000000 
9205.000000 9371.000000 
9178.000000 9388.000000 
9175.000000 9392.000000 
9177.000000 9390.000000 
9317.000000 9228.000000 
9290.000000 9232.000000 
9355.000000 9170.000000 
9360.000000 9129.000000 
9594.000000 8806.000000 
9409.000000 9125.000000 
9423.000000 9079.000000 
9457.000000 9054.000000 
9537.000000 8916.000000 
9524.000000 8927.000000 
9580.000000 8816.000000 
9671.000000 8592.000000 
9672.000000 8560.000000 
9680.000000 8529.000000 

7917.000000 9995.000000 
8102.000000 9958.000000 
8070.000000 9962.000000 
8277.000000 9889.000000 
8212.000000 9902.000000 
8213.000000 9901.000000 
8480.000000 9828.000000 
8510.000000 9827.000000 
8513.000000 9815.000000 
8590.000000 9751.000000 
8661.000000 9735.000000 
8819.000000 9624.000000 
8842.000000 9620.000000 
8852.000000 9612.000000 
8867.000000 9603.000000 
8847.000000 9618.000000 
8869.000000 9601.000000 
8885.000000 9592.000000 
8860.000000 9609.000000 
8899.000000 9561.000000 
8925.000000 9558.000000 
8927.000000 9556.000000 
8957.000000 9516.000000 
8995.000000 9511.000000 
9025.000000 9471.000000 
9161.000000 9328.000000 
9150.000000 9350.000000 
9355.000000 9097.000000 
9597.000000 8787.000000 
9608.000000 8765.000000 
9650.000000 8673.000000 
9659.000000 8603.000000 
9652.000000 8651.000000 
9669.000000 8583.000000 
9678.000000 8582.000000 
9716.000000 8436.000000 
9709.000000 8446.000000 
9702.000000 8496.000000 
9700.000000 8518.000000 
9707.000000 8466.000000 
9694.000000 8533.000000 
9680.000000 8561.000000 
8698.000000 9628.000000 
8521.000000 9778.000000 
8532.000000 9775.000000 
8538.000000 9774.000000 
9036.000000 9446.000000 
8947.000000 9537.000000 
8952.000000 9530.000000 
8596.000000 9737.000000 
8601.000000 9736.000000 
8940.000000 9549.000000 
9487.000000 8957.000000 
9458.000000 8992.000000 
9468.000000 8979.000000 
9500.000000 8944.000000 
9508.000000 8939.000000 
9509.000000 8933.000000 
9526.000000 8920.000000 
9110.000000 9395.000000 
9096.000000 9399.000000 
9121.000000 9373.000000 
9111.000000 9378.000000 
9141.000000 9372.000000 
9233.000000 9269.000000 
9257.000000 9253.000000 
9229.000000 9270.000000 
9217.000000 9288.000000 
9206.000000 9299.000000 
9302.000000 9214.000000 
9427.000000 9024.000000 
9412.000000 9048.000000 
9407.000000 9088.000000 
9443.000000 9023.000000 
9527.000000 8882.000000 
9548.000000 8863.000000 
9545.000000 8881.000000 
9590.000000 8801.000000 
9579.000000 8823.000000 
9571.000000 8860.000000 
9584.000000 8802.000000 
9593.000000 8789.000000 
9631.000000 8748.000000 
9643.000000 8679.000000 
9637.000000 8711.000000 
9636.000000 8713.000000 
9634.000000 8719.000000 
9720.000000 8246.000000 
9718.000000 8297.000000 
9740.000000 8162.000000 
9737.000000 8182.000000 
9741.000000 8145.000000 
9751.000000 8132.000000 
9742.000000 8141.000000 

7952.000000 9974.000000 
8028.000000 9961.000000 

7975.000000 9954.000000 
7965.000000 9969.000000 
8168.000000 9925.000000 
8206.000000 9904.000000 
8254.000000 9870.000000 
8250.000000 9874.000000 
8274.000000 9862.000000 
8363.000000 9834.000000 
8400.000000 9821.000000 
8338.000000 9858.000000 
8359.000000 9857.000000 
8459.000000 9797.000000 
8499.000000 9793.000000 
8513.000000 9792.000000 
8543.000000 9791.000000 
8730.000000 9667.000000 
8739.000000 9666.000000 
8749.000000 9660.000000 
8794.000000 9638.000000 
8786.000000 9644.000000 
8889.000000 9598.000000 
8915.000000 9574.000000 
8836.000000 9632.000000 
8847.000000 9617.000000 
8856.000000 9613.000000 
8923.000000 9569.000000 
8942.000000 9543.000000 
8933.000000 9558.000000 
8934.000000 9554.000000 
8940.000000 9547.000000 
8957.000000 9514.000000 
8966.000000 9510.000000 
8952.000000 9532.000000 
8946.000000 9536.000000 
9023.000000 9451.000000 
9030.000000 9440.000000 
9027.000000 9445.000000 
9031.000000 9429.000000 
9053.000000 9421.000000 
9196.000000 9262.000000 
9363.000000 9125.000000 
9384.000000 9109.000000 
9401.000000 9101.000000 
9408.000000 9098.000000 
9449.000000 9054.000000 
9422.000000 9074.000000 
9434.000000 9056.000000 
9410.000000 9095.000000 
9421.000000 9075.000000 
9466.000000 9023.000000 
9475.000000 9012.000000 
9467.000000 9014.000000 
9464.000000 9027.000000 
9492.000000 8984.000000 
9502.000000 8971.000000 
9531.000000 8920.000000 
9522.000000 8931.000000 
9536.000000 8885.000000 
9515.000000 8937.000000 
9551.000000 8873.000000 
9534.000000 8906.000000 
9532.000000 8908.000000 
9544.000000 8879.000000 
9559.000000 8836.000000 
9552.000000 8854.000000 
9553.000000 8850.000000 
9570.000000 8814.000000 
9575.000000 8811.000000 
9568.000000 8825.000000 
9580.000000 8799.000000 
9590.000000 8784.000000 
9601.000000 8754.000000 
9589.000000 8788.000000 
9599.000000 8773.000000 
9618.000000 8746.000000 
9640.000000 8647.000000 
9636.000000 8692.000000 
9651.000000 8638.000000 
9678.000000 8557.000000 
9671.000000 8575.000000 
9665.000000 8599.000000 
9687.000000 8481.000000 
9705.000000 8352.000000 
9693.000000 8448.000000 
9690.000000 8473.000000 
9681.000000 8537.000000 
8565.000000 9734.000000 
8575.000000 9727.000000 
8603.000000 9713.000000 
8560.000000 9735.000000 
8598.000000 9714.000000 
8609.000000 9711.000000 
8619.000000 9708.000000 
8594.000000 9717.000000 
8630.000000 9705.000000 
8672.000000 9687.000000 
8668.000000 9701.000000 
8686.000000 9686.000000 
8717.000000 9669.000000 
8699.000000 9684.000000 
9123.000000 9371.000000 
9134.000000 9313.000000 
9165.000000 9276.000000 
9152.000000 9294.000000 
9151.000000 9309.000000 
9212.000000 9239.000000 
9164.000000 9287.000000 
9205.000000 9257.000000 
9221.000000 9238.000000 
9231.000000 9234.000000 
9269.000000 9200.000000 
9250.000000 9221.000000 
9249.000000 9225.000000 
9262.000000 9202.000000 
9260.000000 9208.000000 
9279.000000 9193.000000 
9289.000000 9180.000000 
9288.000000 9182.000000 
9290.000000 9171.000000 
9303.000000 9149.000000 
9320.000000 9147.000000 

8884.000000 9494.000000 
8851.000000 9547.000000 
8991.000000 9473.000000 
8971.000000 9493.000000 
8984.000000 9476.000000 
8995.000000 9466.000000 
9039.000000 9432.000000 
9013.000000 9462.000000 
9019.000000 9458.000000 
9032.000000 9436.000000 
9065.000000 9420.000000 
9067.000000 9417.000000 
9074.000000 9409.000000 
9083.000000 9407.000000 
9167.000000 9364.000000 
9218.000000 9319.000000 
9215.000000 9333.000000 
9248.000000 9285.000000 
9230.000000 9304.000000 
9241.000000 9291.000000 
9239.000000 9298.000000 
9278.000000 9262.000000 
9288.000000 9239.000000 
9298.000000 9226.000000 
9476.000000 8973.000000 
9487.000000 8952.000000 
9502.000000 8931.000000 
9530.000000 8926.000000 
9542.000000 8901.000000 
9541.000000 8904.000000 
9549.000000 8867.000000 
8556.000000 9636.000000 
8705.000000 9622.000000 
8516.000000 9649.000000 
8650.000000 9632.000000 
8083.000000 9926.000000 
8015.000000 9930.000000 
8132.000000 9921.000000 
8142.000000 9912.000000 
8046.000000 9927.000000 
8172.000000 9911.000000 
8201.000000 9905.000000 
8238.000000 9902.000000 
8257.000000 9899.000000 
8290.000000 9890.000000 
8303.000000 9868.000000 
8358.000000 9862.000000 
8325.000000 9864.000000 
8447.000000 9847.000000 
8417.000000 9848.000000 
8472.000000 9830.000000 
8485.000000 9826.000000 
8496.000000 9820.000000 
8513.000000 9797.000000 
8505.000000 9808.000000 
9102.000000 9400.000000 
9130.000000 9395.000000 
9168.000000 9361.000000 
9150.000000 9380.000000 
9185.000000 9342.000000 
9172.000000 9350.000000 
9195.000000 9338.000000 
9187.000000 9340.000000 
9253.000000 9276.000000 
9252.000000 9284.000000 
9259.000000 9266.000000 
9254.000000 9270.000000 
9315.000000 9204.000000 
9322.000000 9186.000000 
9359.000000 9153.000000 
9331.000000 9184.000000 
9343.000000 9170.000000 
9367.000000 9120.000000 
9363.000000 9124.000000 
9364.000000 9122.000000 
9352.000000 9159.000000 
9369.000000 9118.000000 
9411.000000 9073.000000 
9399.000000 9106.000000 
9435.000000 9037.000000 
9428.000000 9042.000000 
9418.000000 9068.000000 
9464.000000 9011.000000 
9425.000000 9050.000000 
9486.000000 8961.000000 
9498.000000 8942.000000 
9578.000000 8841.000000 
9557.000000 8858.000000 
9559.000000 8851.000000 
9566.000000 8842.000000 
9601.000000 8796.000000 
9618.000000 8757.000000 
9595.000000 8812.000000 
9611.000000 8783.000000 
9632.000000 8676.000000 
9627.000000 8680.000000 
9667.000000 8629.000000 
9675.000000 8627.000000 
9692.000000 8588.000000 
9697.000000 8532.000000 
9682.000000 8601.000000 
