
7727.000000 10013.000000 
7519.000000 10030.000000 
7501.000000 10037.000000 
7478.000000 10048.000000 
7535.000000 10029.000000 
7536.000000 10028.000000 
7612.000000 10020.000000 
7591.000000 10027.000000 
7750.000000 9949.000000 
7847.000000 9931.000000 
8220.000000 9906.000000 
8176.000000 9911.000000 
8148.000000 9927.000000 
8228.000000 9883.000000 
8248.000000 9882.000000 
8303.000000 9874.000000 
8409.000000 9805.000000 
8334.000000 9866.000000 
8377.000000 9836.000000 
8376.000000 9856.000000 
8382.000000 9830.000000 
8403.000000 9822.000000 
8469.000000 9789.000000 
8488.000000 9779.000000 
8541.000000 9770.000000 
8557.000000 9746.000000 
8581.000000 9725.000000 
8577.000000 9731.000000 
8549.000000 9763.000000 
8649.000000 9717.000000 
8621.000000 9722.000000 
8672.000000 9704.000000 
8677.000000 9692.000000 
8704.000000 9681.000000 
8679.000000 9686.000000 
8735.000000 9638.000000 
8746.000000 9623.000000 
8731.000000 9663.000000 
8779.000000 9594.000000 
8763.000000 9611.000000 
8789.000000 9589.000000 
8840.000000 9549.000000 
8796.000000 9556.000000 
8815.000000 9551.000000 
8794.000000 9570.000000 
8775.000000 9607.000000 
8890.000000 9488.000000 
8873.000000 9546.000000 
8885.000000 9503.000000 
8929.000000 9478.000000 
8920.000000 9487.000000 
9017.000000 9415.000000 
8960.000000 9461.000000 
8969.000000 9439.000000 
9045.000000 9393.000000 
9070.000000 9367.000000 
9082.000000 9353.000000 
9086.000000 9351.000000 
9075.000000 9364.000000 
9125.000000 9319.000000 
9136.000000 9303.000000 
9121.000000 9350.000000 
9146.000000 9289.000000 
9145.000000 9296.000000 
8979.000000 9433.000000 

8162.000000 9935.000000 
8236.000000 9910.000000 
8217.000000 9926.000000 
8277.000000 9905.000000 
8299.000000 9882.000000 
8348.000000 9854.000000 
8312.000000 9869.000000 
8334.000000 9865.000000 
8343.000000 9860.000000 
8380.000000 9837.000000 
8431.000000 9836.000000 
8374.000000 9848.000000 
8434.000000 9815.000000 
8532.000000 9779.000000 
8525.000000 9798.000000 
8610.000000 9754.000000 
8557.000000 9769.000000 
8569.000000 9757.000000 
8551.000000 9778.000000 
8648.000000 9748.000000 
8741.000000 9729.000000 
8759.000000 9714.000000 
8770.000000 9679.000000 
8796.000000 9658.000000 
8800.000000 9645.000000 
8802.000000 9636.000000 
8836.000000 9629.000000 
8798.000000 9651.000000 
8837.000000 9615.000000 
8839.000000 9614.000000 
8806.000000 9635.000000 
8859.000000 9611.000000 
8865.000000 9600.000000 
8897.000000 9590.000000 
8881.000000 9593.000000 
8941.000000 9558.000000 
9017.000000 9506.000000 
9073.000000 9473.000000 
9156.000000 9378.000000 
9110.000000 9453.000000 
9117.000000 9427.000000 
9146.000000 9395.000000 
9167.000000 9360.000000 
9204.000000 9331.000000 
9197.000000 9349.000000 
9224.000000 9318.000000 
9255.000000 9276.000000 
9228.000000 9298.000000 
9257.000000 9245.000000 
9276.000000 9232.000000 
9256.000000 9265.000000 
9264.000000 9241.000000 
9284.000000 9170.000000 
9282.000000 9208.000000 

7634.000000 9978.000000 
7668.000000 9972.000000 
7702.000000 9966.000000 
8001.000000 9956.000000 
