
7825.000000 10016.000000 
7908.000000 10002.000000 
7919.000000 9998.000000 
8359.000000 9825.000000 
8321.000000 9846.000000 
8474.000000 9804.000000 
8532.000000 9753.000000 
8477.000000 9765.000000 
8485.000000 9761.000000 
8656.000000 9707.000000 
8703.000000 9684.000000 
8719.000000 9675.000000 
8699.000000 9699.000000 
8746.000000 9669.000000 
8747.000000 9665.000000 
8750.000000 9640.000000 
8763.000000 9634.000000 

8092.000000 9953.000000 
8001.000000 9977.000000 
7988.000000 9981.000000 
7862.000000 9988.000000 
8030.000000 9968.000000 
8239.000000 9942.000000 
8274.000000 9924.000000 
8298.000000 9921.000000 
8308.000000 9915.000000 
8323.000000 9904.000000 
8479.000000 9787.000000 
8462.000000 9792.000000 
8486.000000 9777.000000 
8625.000000 9691.000000 
8622.000000 9698.000000 
8607.000000 9728.000000 
8609.000000 9706.000000 
8713.000000 9686.000000 
8751.000000 9665.000000 
8779.000000 9648.000000 
8788.000000 9640.000000 
8790.000000 9618.000000 
8820.000000 9614.000000 
8853.000000 9586.000000 
8818.000000 9615.000000 
8830.000000 9593.000000 
8905.000000 9530.000000 
8873.000000 9564.000000 
8901.000000 9533.000000 
8877.000000 9559.000000 
8891.000000 9545.000000 
8909.000000 9499.000000 
9024.000000 9470.000000 
9025.000000 9463.000000 
9027.000000 9458.000000 
9044.000000 9450.000000 
9063.000000 9406.000000 
9051.000000 9425.000000 
9110.000000 9382.000000 
9095.000000 9390.000000 
9084.000000 9404.000000 
9096.000000 9385.000000 
9194.000000 9296.000000 
9149.000000 9343.000000 
9169.000000 9303.000000 
9144.000000 9358.000000 
9156.000000 9323.000000 
9154.000000 9329.000000 
9228.000000 9287.000000 
9237.000000 9268.000000 
9254.000000 9241.000000 
9277.000000 9217.000000 
9302.000000 9188.000000 
9299.000000 9212.000000 

7525.000000 9995.000000 
7992.000000 9989.000000 
8092.000000 9985.000000 
8099.000000 9977.000000 
8118.000000 9971.000000 
8112.000000 9974.000000 
8178.000000 9959.000000 
8167.000000 9968.000000 
8173.000000 9963.000000 
8171.000000 9965.000000 
8189.000000 9947.000000 
8192.000000 9944.000000 
8234.000000 9943.000000 
8255.000000 9934.000000 
8290.000000 9915.000000 
8287.000000 9931.000000 
8376.000000 9909.000000 
8385.000000 9892.000000 
8408.000000 9853.000000 
8421.000000 9852.000000 
8511.000000 9828.000000 
8550.000000 9806.000000 
8540.000000 9812.000000 
8567.000000 9786.000000 
8584.000000 9784.000000 
8606.000000 9770.000000 
8637.000000 9747.000000 
8633.000000 9750.000000 
8630.000000 9760.000000 
8692.000000 9710.000000 
8700.000000 9684.000000 
8786.000000 9661.000000 
8771.000000 9666.000000 
8819.000000 9630.000000 
8801.000000 9646.000000 
8764.000000 9678.000000 
8898.000000 9578.000000 
8867.000000 9591.000000 
8970.000000 9536.000000 
8977.000000 9531.000000 
8965.000000 9545.000000 
8971.000000 9533.000000 
8958.000000 9557.000000 
9001.000000 9516.000000 
8992.000000 9523.000000 
8989.000000 9524.000000 
9031.000000 9502.000000 
9032.000000 9475.000000 
9041.000000 9474.000000 
9087.000000 9432.000000 
9131.000000 9391.000000 
9103.000000 9423.000000 
9134.000000 9371.000000 
9141.000000 9370.000000 
9114.000000 9419.000000 
9153.000000 9366.000000 
9156.000000 9357.000000 
9162.000000 9342.000000 
9216.000000 9336.000000 
9223.000000 9309.000000 
9218.000000 9315.000000 
9224.000000 9287.000000 
9242.000000 9285.000000 

7576.000000 9974.000000 
7799.000000 9962.000000 
7851.000000 9956.000000 
7900.000000 9944.000000 
7919.000000 9934.000000 
7923.000000 9927.000000 
8142.000000 9905.000000 
8246.000000 9869.000000 
8222.000000 9874.000000 
8408.000000 9856.000000 
8195.000000 9901.000000 
8256.000000 9863.000000 
8249.000000 9866.000000 
8432.000000 9750.000000 
8457.000000 9738.000000 
8691.000000 9640.000000 
8704.000000 9607.000000 
8660.000000 9650.000000 
8807.000000 9578.000000 
8763.000000 9590.000000 
8800.000000 9585.000000 
8823.000000 9562.000000 
8818.000000 9574.000000 
8896.000000 9535.000000 
8859.000000 9560.000000 
8864.000000 9536.000000 
8917.000000 9533.000000 
8961.000000 9516.000000 
8979.000000 9491.000000 
8945.000000 9530.000000 
8966.000000 9504.000000 
8993.000000 9476.000000 
8988.000000 9482.000000 
8974.000000 9501.000000 
9022.000000 9426.000000 
9006.000000 9441.000000 
9019.000000 9440.000000 
9003.000000 9457.000000 
9094.000000 9382.000000 
9099.000000 9374.000000 
9147.000000 9365.000000 
9184.000000 9306.000000 
9207.000000 9286.000000 
9181.000000 9330.000000 
9193.000000 9299.000000 
9221.000000 9279.000000 
9243.000000 9236.000000 
9231.000000 9273.000000 
9272.000000 9229.000000 
9304.000000 9195.000000 
9277.000000 9222.000000 
9290.000000 9208.000000 
9315.000000 9192.000000 
9331.000000 9175.000000 
9337.000000 9154.000000 

8029.000000 9916.000000 
8261.000000 9888.000000 
8219.000000 9910.000000 
8239.000000 9906.000000 
8285.000000 9886.000000 
8287.000000 9882.000000 
8368.000000 9861.000000 
8385.000000 9850.000000 
8380.000000 9853.000000 
8358.000000 9867.000000 
8490.000000 9826.000000 
8572.000000 9803.000000 
8603.000000 9790.000000 
8428.000000 9846.000000 
8448.000000 9840.000000 
8713.000000 9710.000000 
8687.000000 9716.000000 
8720.000000 9708.000000 
8738.000000 9689.000000 
8730.000000 9695.000000 
8723.000000 9696.000000 
8833.000000 9653.000000 
8845.000000 9640.000000 
8842.000000 9652.000000 
8831.000000 9655.000000 
8914.000000 9590.000000 
8922.000000 9526.000000 
8918.000000 9561.000000 
8925.000000 9521.000000 
9003.000000 9496.000000 
8916.000000 9566.000000 

7921.000000 9966.000000 
7968.000000 9961.000000 
7905.000000 9972.000000 
7884.000000 9973.000000 
8040.000000 9918.000000 
8055.000000 9910.000000 
8083.000000 9908.000000 
8381.000000 9874.000000 
8315.000000 9900.000000 
8371.000000 9891.000000 
8409.000000 9870.000000 
8374.000000 9879.000000 
8457.000000 9829.000000 
8418.000000 9869.000000 

7403.000000 10039.000000 
7633.000000 10029.000000 
7581.000000 10035.000000 
7593.000000 10031.000000 
7964.000000 9991.000000 
8029.000000 9984.000000 

7469.000000 10014.000000 
7764.000000 10012.000000 
7860.000000 9993.000000 
7807.000000 9998.000000 
7875.000000 9976.000000 
7889.000000 9975.000000 
7966.000000 9962.000000 
8070.000000 9932.000000 
8046.000000 9955.000000 
8065.000000 9934.000000 
8157.000000 9911.000000 
8172.000000 9910.000000 
8118.000000 9920.000000 
8109.000000 9930.000000 
8199.000000 9907.000000 
8207.000000 9896.000000 
8383.000000 9873.000000 
8373.000000 9879.000000 
8365.000000 9894.000000 
8444.000000 9857.000000 
8466.000000 9837.000000 
8414.000000 9858.000000 
8406.000000 9860.000000 
8506.000000 9831.000000 
8492.000000 9835.000000 
8560.000000 9822.000000 
8597.000000 9797.000000 
8589.000000 9804.000000 
8571.000000 9819.000000 
8635.000000 9776.000000 
8632.000000 9779.000000 
8612.000000 9780.000000 
8684.000000 9754.000000 
8708.000000 9743.000000 
8670.000000 9764.000000 
8732.000000 9688.000000 
8718.000000 9724.000000 
8720.000000 9710.000000 
8821.000000 9663.000000 
8800.000000 9664.000000 
8853.000000 9642.000000 
8897.000000 9635.000000 
8932.000000 9569.000000 
8912.000000 9578.000000 
8950.000000 9550.000000 
9032.000000 9483.000000 
9021.000000 9498.000000 
9026.000000 9485.000000 
9041.000000 9480.000000 
9057.000000 9462.000000 
9121.000000 9399.000000 
9091.000000 9439.000000 
9120.000000 9416.000000 
9133.000000 9380.000000 
9153.000000 9368.000000 
9124.000000 9391.000000 

7917.000000 9994.000000 
7858.000000 10010.000000 
7841.000000 10014.000000 
7822.000000 10026.000000 
7789.000000 10041.000000 
7815.000000 10030.000000 
7806.000000 10037.000000 
7984.000000 9985.000000 
7972.000000 9992.000000 
8073.000000 9966.000000 
8046.000000 9974.000000 
8202.000000 9943.000000 
8222.000000 9936.000000 
8251.000000 9933.000000 
8273.000000 9927.000000 
8341.000000 9905.000000 
8382.000000 9887.000000 
8372.000000 9893.000000 
8351.000000 9899.000000 
8412.000000 9858.000000 
8426.000000 9854.000000 
8509.000000 9834.000000 
8505.000000 9841.000000 
8500.000000 9846.000000 
8528.000000 9820.000000 
8532.000000 9800.000000 
8549.000000 9796.000000 
8573.000000 9793.000000 
8589.000000 9788.000000 
8604.000000 9781.000000 
8693.000000 9710.000000 
8719.000000 9705.000000 
8678.000000 9749.000000 
8668.000000 9755.000000 
8682.000000 9726.000000 
8691.000000 9725.000000 
8757.000000 9684.000000 
8725.000000 9691.000000 
8765.000000 9652.000000 
8785.000000 9644.000000 
8868.000000 9600.000000 
8913.000000 9578.000000 
8920.000000 9560.000000 
8923.000000 9550.000000 
8916.000000 9569.000000 
8948.000000 9546.000000 
8966.000000 9515.000000 
8951.000000 9523.000000 
9016.000000 9473.000000 
9035.000000 9464.000000 
9053.000000 9457.000000 
9037.000000 9462.000000 
9014.000000 9503.000000 
9141.000000 9357.000000 
9104.000000 9402.000000 
9158.000000 9327.000000 
9144.000000 9354.000000 
9153.000000 9338.000000 

7742.000000 10004.000000 
7743.000000 10002.000000 
7847.000000 10001.000000 
7916.000000 9995.000000 
7931.000000 9993.000000 
8005.000000 9988.000000 
8139.000000 9965.000000 
8105.000000 9970.000000 
8171.000000 9962.000000 
8182.000000 9953.000000 
8218.000000 9951.000000 
8169.000000 9964.000000 
8250.000000 9931.000000 
8313.000000 9920.000000 
8286.000000 9928.000000 
8489.000000 9854.000000 
8483.000000 9857.000000 
8475.000000 9866.000000 
8562.000000 9831.000000 
8591.000000 9820.000000 
8553.000000 9841.000000 
8601.000000 9807.000000 
8698.000000 9739.000000 
8695.000000 9765.000000 
8712.000000 9699.000000 
8847.000000 9636.000000 
8864.000000 9606.000000 
8860.000000 9632.000000 
8915.000000 9602.000000 
8923.000000 9567.000000 
8917.000000 9601.000000 
8940.000000 9517.000000 
8936.000000 9554.000000 
8950.000000 9508.000000 
8938.000000 9518.000000 
9118.000000 9396.000000 
9129.000000 9381.000000 
9012.000000 9460.000000 
9041.000000 9446.000000 
9013.000000 9459.000000 
9154.000000 9328.000000 
9188.000000 9287.000000 
9199.000000 9286.000000 
9204.000000 9283.000000 
9228.000000 9278.000000 
9187.000000 9322.000000 
9231.000000 9269.000000 
9240.000000 9246.000000 
9235.000000 9256.000000 

7981.000000 9966.000000 
7954.000000 10003.000000 
7980.000000 9992.000000 
8065.000000 9940.000000 
8198.000000 9914.000000 
8190.000000 9931.000000 
8197.000000 9918.000000 
8244.000000 9912.000000 
8272.000000 9894.000000 
8445.000000 9859.000000 
8486.000000 9853.000000 
8444.000000 9870.000000 
8434.000000 9876.000000 
8531.000000 9804.000000 
8515.000000 9826.000000 
8492.000000 9836.000000 
8513.000000 9831.000000 
8768.000000 9596.000000 
8764.000000 9608.000000 
8725.000000 9626.000000 
8717.000000 9641.000000 
8854.000000 9578.000000 
8872.000000 9564.000000 
8859.000000 9571.000000 
8876.000000 9555.000000 
8917.000000 9552.000000 
8977.000000 9496.000000 
8975.000000 9519.000000 
9023.000000 9482.000000 
9054.000000 9462.000000 
9050.000000 9473.000000 
9040.000000 9474.000000 
9081.000000 9435.000000 
9060.000000 9446.000000 
9080.000000 9439.000000 
9085.000000 9398.000000 
9105.000000 9397.000000 
9117.000000 9376.000000 

7775.000000 10028.000000 
7668.000000 10046.000000 
7722.000000 10040.000000 
7716.000000 10042.000000 
7769.000000 10035.000000 
7963.000000 10023.000000 
7877.000000 10024.000000 
7965.000000 10015.000000 
8026.000000 9986.000000 
8000.000000 10000.000000 
8022.000000 9992.000000 
8188.000000 9924.000000 
8154.000000 9931.000000 
8198.000000 9910.000000 
8370.000000 9842.000000 
8383.000000 9839.000000 
8535.000000 9820.000000 
8560.000000 9810.000000 
8622.000000 9785.000000 
8612.000000 9791.000000 
8701.000000 9753.000000 
8666.000000 9762.000000 
8690.000000 9761.000000 
8732.000000 9747.000000 
8739.000000 9728.000000 
8738.000000 9738.000000 
8792.000000 9710.000000 
8761.000000 9727.000000 
8782.000000 9716.000000 
8799.000000 9692.000000 
8815.000000 9675.000000 
8835.000000 9639.000000 
8842.000000 9621.000000 
8834.000000 9661.000000 
8921.000000 9532.000000 
8908.000000 9599.000000 
8912.000000 9549.000000 
8957.000000 9524.000000 
8979.000000 9505.000000 
8985.000000 9488.000000 
8961.000000 9518.000000 
8962.000000 9514.000000 
8997.000000 9474.000000 
8999.000000 9473.000000 
8986.000000 9481.000000 
9049.000000 9449.000000 
9087.000000 9400.000000 
9071.000000 9424.000000 
9040.000000 9455.000000 
9193.000000 9365.000000 
9183.000000 9371.000000 
9239.000000 9309.000000 
9234.000000 9321.000000 
9245.000000 9303.000000 

7844.000000 10007.000000 
7872.000000 10002.000000 
7923.000000 9994.000000 
7978.000000 9988.000000 
7889.000000 10000.000000 
8086.000000 9968.000000 
8081.000000 9982.000000 
8105.000000 9965.000000 
8110.000000 9964.000000 
8247.000000 9934.000000 
8285.000000 9913.000000 
8295.000000 9907.000000 
8342.000000 9874.000000 
8347.000000 9872.000000 
8325.000000 9906.000000 
8459.000000 9847.000000 
8466.000000 9844.000000 
8476.000000 9838.000000 
8449.000000 9860.000000 
8522.000000 9812.000000 
8513.000000 9829.000000 
8551.000000 9808.000000 
8560.000000 9791.000000 
8574.000000 9778.000000 
8665.000000 9737.000000 
8606.000000 9758.000000 
8638.000000 9750.000000 
8642.000000 9742.000000 
8677.000000 9706.000000 
8715.000000 9666.000000 
8746.000000 9644.000000 
8686.000000 9701.000000 
8698.000000 9696.000000 
8794.000000 9635.000000 
8833.000000 9605.000000 
8821.000000 9622.000000 
8963.000000 9472.000000 
8975.000000 9470.000000 
8953.000000 9527.000000 
8998.000000 9465.000000 
9023.000000 9459.000000 
9041.000000 9432.000000 
9063.000000 9416.000000 
9038.000000 9452.000000 
9065.000000 9410.000000 
9093.000000 9400.000000 
9062.000000 9429.000000 
9119.000000 9389.000000 
9134.000000 9381.000000 
9146.000000 9345.000000 
9120.000000 9387.000000 
9150.000000 9343.000000 

7370.000000 10041.000000 
7287.000000 10045.000000 
7383.000000 10037.000000 
7615.000000 10031.000000 
7720.000000 10002.000000 
7727.000000 10000.000000 
7862.000000 9996.000000 
7867.000000 9988.000000 
7951.000000 9987.000000 
7992.000000 9986.000000 
8102.000000 9985.000000 
8125.000000 9979.000000 
8160.000000 9964.000000 
8211.000000 9942.000000 
8292.000000 9926.000000 
8264.000000 9935.000000 
8311.000000 9924.000000 
8367.000000 9891.000000 
8349.000000 9903.000000 
8369.000000 9880.000000 
8427.000000 9873.000000 
8436.000000 9865.000000 
8490.000000 9855.000000 
8513.000000 9843.000000 
8528.000000 9834.000000 
8529.000000 9802.000000 
8550.000000 9798.000000 
8586.000000 9770.000000 
8592.000000 9764.000000 
8611.000000 9763.000000 
8754.000000 9663.000000 
8733.000000 9697.000000 
8710.000000 9724.000000 
8738.000000 9676.000000 
8713.000000 9700.000000 
8852.000000 9654.000000 
8860.000000 9645.000000 
8882.000000 9620.000000 
8938.000000 9574.000000 
8950.000000 9557.000000 
8937.000000 9593.000000 
8997.000000 9530.000000 
8971.000000 9556.000000 
8972.000000 9547.000000 
9038.000000 9512.000000 
9045.000000 9490.000000 
9041.000000 9491.000000 
9049.000000 9482.000000 
9050.000000 9469.000000 
9081.000000 9465.000000 
9100.000000 9409.000000 
9092.000000 9415.000000 
9168.000000 9353.000000 
9170.000000 9331.000000 
9192.000000 9295.000000 
9185.000000 9322.000000 
9204.000000 9294.000000 
9218.000000 9271.000000 
9252.000000 9234.000000 
9280.000000 9200.000000 
9246.000000 9257.000000 

7894.000000 10020.000000 
7914.000000 10011.000000 
7922.000000 9999.000000 
8005.000000 9995.000000 
8011.000000 9976.000000 
8026.000000 9972.000000 
8107.000000 9968.000000 
8117.000000 9966.000000 
8308.000000 9924.000000 
8253.000000 9942.000000 
8362.000000 9887.000000 
8358.000000 9894.000000 
8415.000000 9869.000000 
8435.000000 9861.000000 
8409.000000 9882.000000 
8416.000000 9865.000000 
8502.000000 9832.000000 
8561.000000 9824.000000 
8571.000000 9812.000000 
8583.000000 9795.000000 
8574.000000 9799.000000 
8632.000000 9786.000000 
8682.000000 9732.000000 
8661.000000 9763.000000 
8671.000000 9759.000000 
8798.000000 9659.000000 
8761.000000 9693.000000 
8771.000000 9680.000000 
8784.000000 9669.000000 
8774.000000 9671.000000 
8839.000000 9629.000000 
8826.000000 9642.000000 
8880.000000 9572.000000 
8890.000000 9565.000000 
8859.000000 9623.000000 
8920.000000 9560.000000 
8872.000000 9601.000000 
8976.000000 9489.000000 
8964.000000 9495.000000 
8992.000000 9463.000000 
8982.000000 9476.000000 
9062.000000 9405.000000 
9055.000000 9415.000000 
9054.000000 9424.000000 
9068.000000 9399.000000 
9051.000000 9429.000000 
9088.000000 9398.000000 
9154.000000 9356.000000 
9143.000000 9364.000000 
9169.000000 9334.000000 
9163.000000 9346.000000 
9234.000000 9287.000000 
9223.000000 9312.000000 
9232.000000 9293.000000 
9287.000000 9244.000000 
9269.000000 9284.000000 
9284.000000 9265.000000 
9328.000000 9216.000000 
9341.000000 9173.000000 
9353.000000 9124.000000 
9349.000000 9128.000000 
9354.000000 9116.000000 
9382.000000 9106.000000 
9385.000000 9083.000000 
9422.000000 9056.000000 
9387.000000 9080.000000 
9425.000000 9046.000000 
9410.000000 9076.000000 
9384.000000 9089.000000 
9409.000000 9079.000000 
9416.000000 9063.000000 
9440.000000 9039.000000 

7825.000000 9995.000000 
7854.000000 9990.000000 
7962.000000 9989.000000 
7975.000000 9983.000000 
8071.000000 9978.000000 
8062.000000 9982.000000 
8109.000000 9957.000000 
8111.000000 9951.000000 
8231.000000 9942.000000 
8222.000000 9943.000000 
8324.000000 9899.000000 
8286.000000 9920.000000 
8279.000000 9921.000000 
8314.000000 9917.000000 
8325.000000 9889.000000 
8430.000000 9868.000000 
8462.000000 9861.000000 
8500.000000 9840.000000 
8503.000000 9828.000000 
8508.000000 9825.000000 
8548.000000 9806.000000 
8514.000000 9819.000000 
8571.000000 9789.000000 
8576.000000 9768.000000 
8624.000000 9760.000000 
8639.000000 9755.000000 
8668.000000 9745.000000 
8648.000000 9747.000000 
8707.000000 9733.000000 
8729.000000 9706.000000 
8739.000000 9700.000000 
8721.000000 9715.000000 
8750.000000 9680.000000 
8723.000000 9709.000000 
8780.000000 9656.000000 
8816.000000 9640.000000 
8795.000000 9650.000000 
8859.000000 9604.000000 
8821.000000 9625.000000 
8864.000000 9585.000000 
8847.000000 9623.000000 
8856.000000 9616.000000 
8916.000000 9535.000000 
8912.000000 9559.000000 
8890.000000 9565.000000 
9064.000000 9439.000000 
9026.000000 9473.000000 
9031.000000 9464.000000 
9088.000000 9417.000000 
9049.000000 9460.000000 
9051.000000 9444.000000 
9087.000000 9428.000000 
9097.000000 9405.000000 
9117.000000 9394.000000 
9167.000000 9330.000000 
9157.000000 9343.000000 
9184.000000 9315.000000 
9171.000000 9328.000000 

7782.000000 9974.000000 
7976.000000 9959.000000 
7975.000000 9972.000000 
8032.000000 9958.000000 
8056.000000 9945.000000 
8033.000000 9947.000000 
8309.000000 9877.000000 
8304.000000 9896.000000 
8261.000000 9904.000000 
8372.000000 9874.000000 
8402.000000 9849.000000 
8401.000000 9850.000000 
8407.000000 9846.000000 
8411.000000 9844.000000 
8412.000000 9832.000000 
8389.000000 9854.000000 
8511.000000 9818.000000 
8521.000000 9812.000000 
8540.000000 9801.000000 
8579.000000 9765.000000 
8578.000000 9780.000000 
8660.000000 9729.000000 
8703.000000 9721.000000 
8722.000000 9716.000000 
8731.000000 9705.000000 
8741.000000 9700.000000 
8760.000000 9695.000000 
8781.000000 9655.000000 
8780.000000 9660.000000 
8762.000000 9661.000000 
8825.000000 9635.000000 
8801.000000 9652.000000 
8892.000000 9599.000000 
8866.000000 9611.000000 
8912.000000 9591.000000 
8871.000000 9606.000000 
8953.000000 9547.000000 
9015.000000 9521.000000 
9030.000000 9511.000000 
8992.000000 9532.000000 
9063.000000 9492.000000 
9025.000000 9513.000000 
9093.000000 9452.000000 
9076.000000 9468.000000 
9124.000000 9418.000000 
9116.000000 9428.000000 
9129.000000 9397.000000 
9125.000000 9403.000000 
9118.000000 9419.000000 
9139.000000 9387.000000 

8059.000000 9972.000000 
8148.000000 9957.000000 
8298.000000 9925.000000 
8286.000000 9947.000000 
8381.000000 9910.000000 
8505.000000 9817.000000 
8488.000000 9838.000000 
8521.000000 9806.000000 
8593.000000 9785.000000 
8531.000000 9794.000000 
8643.000000 9761.000000 
8647.000000 9758.000000 
8673.000000 9745.000000 
8660.000000 9749.000000 
8698.000000 9719.000000 
8742.000000 9679.000000 
8775.000000 9645.000000 
8798.000000 9605.000000 
8795.000000 9610.000000 
8929.000000 9520.000000 
8946.000000 9505.000000 
9026.000000 9498.000000 
9059.000000 9454.000000 
9052.000000 9470.000000 
9041.000000 9485.000000 
9090.000000 9430.000000 
9083.000000 9447.000000 
9062.000000 9448.000000 
9057.000000 9458.000000 
9123.000000 9409.000000 
9155.000000 9389.000000 
9117.000000 9410.000000 
9143.000000 9401.000000 
9205.000000 9306.000000 
9200.000000 9321.000000 
9194.000000 9341.000000 
9186.000000 9375.000000 
9187.000000 9358.000000 
9190.000000 9346.000000 
9197.000000 9326.000000 

7956.000000 9955.000000 
8105.000000 9948.000000 
8097.000000 9954.000000 
8141.000000 9947.000000 
8167.000000 9936.000000 
8228.000000 9928.000000 
8254.000000 9917.000000 
8289.000000 9912.000000 
8272.000000 9916.000000 
8322.000000 9895.000000 
8296.000000 9906.000000 
8334.000000 9888.000000 
8327.000000 9891.000000 
8332.000000 9889.000000 
8462.000000 9813.000000 
8460.000000 9818.000000 
8503.000000 9798.000000 
8456.000000 9842.000000 
8719.000000 9693.000000 
8700.000000 9728.000000 
8712.000000 9701.000000 
8780.000000 9684.000000 
8723.000000 9691.000000 
8726.000000 9688.000000 
8816.000000 9654.000000 
8803.000000 9662.000000 
8825.000000 9641.000000 
8839.000000 9638.000000 
8848.000000 9624.000000 
8824.000000 9652.000000 
8854.000000 9618.000000 
8842.000000 9632.000000 
8859.000000 9609.000000 
8904.000000 9607.000000 
8940.000000 9532.000000 
8918.000000 9583.000000 
9021.000000 9512.000000 
9009.000000 9524.000000 
9064.000000 9470.000000 
9050.000000 9480.000000 
9047.000000 9503.000000 
9081.000000 9463.000000 
9083.000000 9441.000000 
9079.000000 9465.000000 
9104.000000 9428.000000 
9144.000000 9390.000000 
9129.000000 9409.000000 
9112.000000 9413.000000 
9170.000000 9378.000000 
9233.000000 9306.000000 
9185.000000 9360.000000 
9250.000000 9276.000000 
9221.000000 9325.000000 
9236.000000 9303.000000 
9210.000000 9347.000000 

7628.000000 9997.000000 
7606.000000 10000.000000 
7636.000000 9996.000000 
7883.000000 9977.000000 
7866.000000 9981.000000 

7838.000000 9986.000000 
7781.000000 9998.000000 
7904.000000 9979.000000 
7867.000000 9984.000000 
7970.000000 9961.000000 
8038.000000 9957.000000 
8103.000000 9951.000000 
8199.000000 9932.000000 
8150.000000 9933.000000 
8140.000000 9946.000000 
8235.000000 9916.000000 
8267.000000 9910.000000 
8265.000000 9915.000000 
8290.000000 9898.000000 
8324.000000 9894.000000 
8417.000000 9825.000000 
8399.000000 9853.000000 
8408.000000 9831.000000 
8429.000000 9819.000000 
8465.000000 9786.000000 
8487.000000 9784.000000 
8653.000000 9660.000000 
8665.000000 9654.000000 
8774.000000 9596.000000 
8734.000000 9644.000000 
8757.000000 9626.000000 
8922.000000 9463.000000 
8895.000000 9496.000000 
8907.000000 9486.000000 
9029.000000 9371.000000 
9004.000000 9388.000000 
8994.000000 9394.000000 
8997.000000 9389.000000 
9009.000000 9379.000000 
9019.000000 9377.000000 
9120.000000 9299.000000 
9108.000000 9329.000000 
9119.000000 9326.000000 
9110.000000 9327.000000 
9153.000000 9296.000000 
9158.000000 9280.000000 
9190.000000 9265.000000 
9183.000000 9271.000000 
9221.000000 9258.000000 
9237.000000 9241.000000 
9257.000000 9218.000000 
9288.000000 9199.000000 
9287.000000 9203.000000 
9255.000000 9237.000000 
9265.000000 9211.000000 
9299.000000 9183.000000 
9330.000000 9127.000000 
9308.000000 9166.000000 
9313.000000 9162.000000 
9323.000000 9145.000000 

7767.000000 10032.000000 
7808.000000 10031.000000 
7873.000000 10022.000000 
7908.000000 10007.000000 
7926.000000 10003.000000 
7898.000000 10018.000000 
7961.000000 10000.000000 
8052.000000 9979.000000 
8110.000000 9966.000000 
8070.000000 9967.000000 
8183.000000 9949.000000 
8211.000000 9945.000000 
8220.000000 9940.000000 
8299.000000 9858.000000 
8333.000000 9848.000000 
8293.000000 9872.000000 
8295.000000 9861.000000 
8316.000000 9851.000000 
8340.000000 9829.000000 
8350.000000 9812.000000 
8498.000000 9774.000000 
8610.000000 9721.000000 
8656.000000 9695.000000 
8701.000000 9670.000000 
8658.000000 9694.000000 
8688.000000 9693.000000 
8649.000000 9708.000000 
8700.000000 9682.000000 
8726.000000 9652.000000 
8714.000000 9660.000000 
8750.000000 9634.000000 
8735.000000 9643.000000 
8706.000000 9661.000000 
8764.000000 9631.000000 
8828.000000 9624.000000 
8880.000000 9598.000000 
8849.000000 9621.000000 
8869.000000 9610.000000 
8903.000000 9575.000000 
8901.000000 9592.000000 
8911.000000 9557.000000 
8948.000000 9522.000000 
8925.000000 9553.000000 
8934.000000 9533.000000 
8979.000000 9521.000000 
9035.000000 9465.000000 
9013.000000 9485.000000 
9019.000000 9467.000000 
9044.000000 9460.000000 
9015.000000 9468.000000 
9010.000000 9504.000000 
9047.000000 9450.000000 
9045.000000 9452.000000 
9075.000000 9429.000000 
9070.000000 9438.000000 
9067.000000 9449.000000 
9137.000000 9393.000000 
9131.000000 9424.000000 
9159.000000 9346.000000 
9136.000000 9397.000000 
9164.000000 9339.000000 
9173.000000 9328.000000 
9207.000000 9289.000000 
9222.000000 9285.000000 
9190.000000 9319.000000 
9205.000000 9317.000000 
9208.000000 9287.000000 
9233.000000 9263.000000 
9316.000000 9212.000000 
9290.000000 9242.000000 
9281.000000 9251.000000 
9291.000000 9238.000000 
9309.000000 9232.000000 
9307.000000 9233.000000 
9350.000000 9186.000000 
9314.000000 9213.000000 
9317.000000 9210.000000 
9313.000000 9231.000000 

7745.000000 10001.000000 
7836.000000 9999.000000 
7837.000000 9998.000000 
7878.000000 9997.000000 
7910.000000 9993.000000 
8003.000000 9981.000000 
8086.000000 9964.000000 
8180.000000 9942.000000 
8199.000000 9935.000000 
8173.000000 9946.000000 
8215.000000 9916.000000 
8214.000000 9926.000000 
8183.000000 9939.000000 
8263.000000 9915.000000 
8283.000000 9910.000000 
8332.000000 9888.000000 
8322.000000 9901.000000 
8294.000000 9903.000000 
8349.000000 9875.000000 
8416.000000 9844.000000 
8421.000000 9837.000000 
8424.000000 9831.000000 
8408.000000 9861.000000 
8445.000000 9826.000000 
8479.000000 9823.000000 
8497.000000 9807.000000 
8563.000000 9795.000000 
8562.000000 9800.000000 
8555.000000 9806.000000 
8604.000000 9780.000000 
8623.000000 9774.000000 
8628.000000 9770.000000 
8643.000000 9749.000000 
8692.000000 9737.000000 
8680.000000 9748.000000 
8690.000000 9740.000000 
8718.000000 9705.000000 
8753.000000 9687.000000 
8737.000000 9701.000000 
8771.000000 9683.000000 
8811.000000 9645.000000 

7997.000000 9986.000000 
8003.000000 9980.000000 
8055.000000 9973.000000 
7841.000000 9992.000000 
8148.000000 9958.000000 
8227.000000 9953.000000 
8258.000000 9941.000000 
8296.000000 9920.000000 
8367.000000 9917.000000 
8383.000000 9906.000000 
8414.000000 9894.000000 
8404.000000 9900.000000 
8455.000000 9850.000000 
8452.000000 9865.000000 
8476.000000 9842.000000 
8498.000000 9839.000000 
8470.000000 9846.000000 
8485.000000 9840.000000 
8544.000000 9825.000000 
8570.000000 9817.000000 
8532.000000 9838.000000 
8553.000000 9819.000000 
8602.000000 9798.000000 
8621.000000 9785.000000 
8654.000000 9781.000000 
8728.000000 9747.000000 
8683.000000 9748.000000 
8749.000000 9721.000000 
8733.000000 9728.000000 
8755.000000 9713.000000 
8795.000000 9700.000000 
8803.000000 9667.000000 
8797.000000 9684.000000 
8849.000000 9659.000000 
8835.000000 9663.000000 
8877.000000 9642.000000 
8883.000000 9624.000000 
8896.000000 9620.000000 
9028.000000 9457.000000 
9022.000000 9465.000000 
9060.000000 9447.000000 
9078.000000 9427.000000 
9056.000000 9451.000000 
9069.000000 9436.000000 
9097.000000 9415.000000 
9118.000000 9388.000000 
9116.000000 9414.000000 
9174.000000 9370.000000 
9175.000000 9353.000000 
9160.000000 9373.000000 

7697.000000 10051.000000 
7753.000000 10049.000000 
7834.000000 10033.000000 
7857.000000 10030.000000 
8329.000000 9745.000000 
8288.000000 9758.000000 
8651.000000 9592.000000 
8678.000000 9542.000000 
8695.000000 9529.000000 
8704.000000 9504.000000 
8666.000000 9548.000000 
8952.000000 9402.000000 
8960.000000 9382.000000 
9021.000000 9358.000000 
9055.000000 9322.000000 
9034.000000 9324.000000 
9087.000000 9296.000000 
9078.000000 9297.000000 
9221.000000 9253.000000 
9188.000000 9283.000000 
9228.000000 9222.000000 
9266.000000 9211.000000 
9284.000000 9196.000000 
9312.000000 9172.000000 
9305.000000 9179.000000 
9326.000000 9134.000000 
9331.000000 9128.000000 
9359.000000 9086.000000 
9340.000000 9123.000000 
9342.000000 9088.000000 
9395.000000 9063.000000 
9385.000000 9080.000000 
9415.000000 9055.000000 
9427.000000 9020.000000 
9422.000000 9027.000000 
9413.000000 9059.000000 
9455.000000 9006.000000 
