
7603.000000 10037.000000 
7771.000000 10035.000000 
7838.000000 10033.000000 
7850.000000 10015.000000 
7887.000000 10014.000000 
8067.000000 9983.000000 
7999.000000 10005.000000 
8017.000000 9997.000000 
7958.000000 10007.000000 
8133.000000 9953.000000 
8189.000000 9920.000000 
8168.000000 9928.000000 
8218.000000 9908.000000 
8227.000000 9907.000000 
8207.000000 9918.000000 
8271.000000 9893.000000 
8331.000000 9867.000000 
8321.000000 9873.000000 
8335.000000 9849.000000 
8396.000000 9847.000000 
8435.000000 9837.000000 
8462.000000 9822.000000 
8640.000000 9773.000000 
8564.000000 9819.000000 
8585.000000 9807.000000 
8586.000000 9796.000000 
8667.000000 9733.000000 
8656.000000 9745.000000 
8642.000000 9757.000000 
8740.000000 9708.000000 
8753.000000 9684.000000 
8836.000000 9662.000000 
8840.000000 9648.000000 
8833.000000 9680.000000 
8842.000000 9646.000000 
8861.000000 9633.000000 
8868.000000 9626.000000 
8914.000000 9601.000000 
8916.000000 9599.000000 
8934.000000 9580.000000 
8947.000000 9574.000000 
8953.000000 9571.000000 
8961.000000 9564.000000 
8992.000000 9538.000000 
8955.000000 9568.000000 
9020.000000 9497.000000 
9028.000000 9474.000000 
9046.000000 9451.000000 
9009.000000 9516.000000 
9039.000000 9452.000000 
9136.000000 9371.000000 
9114.000000 9404.000000 
9166.000000 9357.000000 
9120.000000 9395.000000 
9134.000000 9375.000000 
9200.000000 9320.000000 
9184.000000 9353.000000 
9188.000000 9334.000000 
9185.000000 9346.000000 
9197.000000 9323.000000 
9220.000000 9297.000000 
9246.000000 9255.000000 
9268.000000 9242.000000 
9247.000000 9244.000000 
9248.000000 9243.000000 

7883.000000 9986.000000 
7824.000000 10003.000000 
7951.000000 9964.000000 
7897.000000 9977.000000 
8075.000000 9937.000000 
8103.000000 9933.000000 
8114.000000 9928.000000 
8161.000000 9894.000000 
8178.000000 9890.000000 
8170.000000 9893.000000 
8371.000000 9848.000000 
8343.000000 9868.000000 
8283.000000 9889.000000 
8501.000000 9770.000000 
8500.000000 9775.000000 
8499.000000 9788.000000 
8537.000000 9767.000000 
8544.000000 9759.000000 
8546.000000 9750.000000 
8652.000000 9740.000000 
8665.000000 9726.000000 
8675.000000 9716.000000 
8747.000000 9652.000000 
8760.000000 9650.000000 
8781.000000 9647.000000 
8811.000000 9629.000000 
8816.000000 9607.000000 
8882.000000 9590.000000 
8814.000000 9612.000000 
8824.000000 9606.000000 
8807.000000 9636.000000 
8847.000000 9595.000000 
8829.000000 9602.000000 
8897.000000 9571.000000 
8928.000000 9548.000000 
8948.000000 9539.000000 
8954.000000 9522.000000 
8963.000000 9514.000000 
8956.000000 9517.000000 
8974.000000 9502.000000 
9009.000000 9484.000000 
9007.000000 9489.000000 
9056.000000 9450.000000 
9035.000000 9460.000000 
9066.000000 9427.000000 
9083.000000 9402.000000 
9117.000000 9371.000000 
9082.000000 9426.000000 
9104.000000 9393.000000 
9109.000000 9372.000000 
9122.000000 9360.000000 
9146.000000 9349.000000 
9120.000000 9362.000000 
9159.000000 9327.000000 
9168.000000 9316.000000 
9167.000000 9319.000000 
9175.000000 9306.000000 
9201.000000 9290.000000 
9211.000000 9279.000000 
9198.000000 9301.000000 

7796.000000 10003.000000 
7996.000000 9975.000000 
8145.000000 9973.000000 
8161.000000 9964.000000 
8208.000000 9957.000000 
8162.000000 9960.000000 
8288.000000 9943.000000 
8422.000000 9837.000000 
8444.000000 9824.000000 
8497.000000 9819.000000 
8503.000000 9801.000000 
8613.000000 9770.000000 
8594.000000 9771.000000 
8545.000000 9792.000000 
8537.000000 9796.000000 
8535.000000 9798.000000 
8637.000000 9761.000000 
8627.000000 9765.000000 
8619.000000 9767.000000 
8684.000000 9758.000000 
8694.000000 9754.000000 
8719.000000 9745.000000 
8726.000000 9741.000000 
8757.000000 9728.000000 
8758.000000 9714.000000 
8740.000000 9729.000000 
8783.000000 9704.000000 
8800.000000 9696.000000 
8786.000000 9700.000000 
8817.000000 9690.000000 
8852.000000 9668.000000 
8843.000000 9669.000000 
8882.000000 9611.000000 
8867.000000 9623.000000 
8935.000000 9586.000000 
8936.000000 9580.000000 
8960.000000 9549.000000 
8945.000000 9566.000000 
8952.000000 9560.000000 
8979.000000 9527.000000 
8927.000000 9605.000000 
9018.000000 9491.000000 
9030.000000 9465.000000 
9062.000000 9415.000000 
9041.000000 9455.000000 
9061.000000 9442.000000 
9119.000000 9410.000000 
9152.000000 9396.000000 
9164.000000 9383.000000 
9190.000000 9375.000000 
9193.000000 9352.000000 
9207.000000 9336.000000 
9198.000000 9342.000000 
9227.000000 9319.000000 
9272.000000 9290.000000 
9277.000000 9267.000000 
9310.000000 9234.000000 
9315.000000 9215.000000 
9301.000000 9240.000000 

7750.000000 10011.000000 
7892.000000 10009.000000 
7912.000000 10001.000000 
7930.000000 10000.000000 
8268.000000 9842.000000 
8229.000000 9851.000000 
8505.000000 9647.000000 
8471.000000 9706.000000 
8497.000000 9684.000000 
8508.000000 9623.000000 
8736.000000 9567.000000 
8822.000000 9510.000000 
8812.000000 9516.000000 
8834.000000 9489.000000 
8930.000000 9478.000000 
8979.000000 9450.000000 
9035.000000 9400.000000 
9110.000000 9340.000000 
9065.000000 9369.000000 
9174.000000 9290.000000 
9263.000000 9203.000000 
9246.000000 9234.000000 
9256.000000 9211.000000 
9250.000000 9214.000000 
9273.000000 9183.000000 
9227.000000 9254.000000 
9274.000000 9167.000000 
9289.000000 9154.000000 
9322.000000 9128.000000 
9339.000000 9124.000000 

7748.000000 10021.000000 
7710.000000 10030.000000 
7844.000000 10009.000000 
7884.000000 10005.000000 
7900.000000 9999.000000 
8217.000000 9917.000000 
8175.000000 9928.000000 
8255.000000 9896.000000 
8253.000000 9901.000000 
8342.000000 9886.000000 
8380.000000 9865.000000 

8121.000000 9924.000000 
8021.000000 9976.000000 
8064.000000 9963.000000 
7975.000000 9978.000000 
8034.000000 9964.000000 
7935.000000 9980.000000 
7942.000000 9979.000000 
8068.000000 9957.000000 
8090.000000 9956.000000 
8099.000000 9949.000000 
8033.000000 9970.000000 
8119.000000 9941.000000 
8305.000000 9880.000000 
8321.000000 9875.000000 
8320.000000 9876.000000 
8302.000000 9903.000000 
8313.000000 9878.000000 
8454.000000 9843.000000 
8416.000000 9864.000000 
8425.000000 9844.000000 
8406.000000 9870.000000 
8488.000000 9822.000000 
8477.000000 9825.000000 
8489.000000 9809.000000 
8521.000000 9801.000000 
8511.000000 9806.000000 
8520.000000 9805.000000 
8627.000000 9776.000000 
8596.000000 9796.000000 
8655.000000 9775.000000 
8700.000000 9756.000000 
8682.000000 9764.000000 
8708.000000 9754.000000 
8684.000000 9760.000000 
8738.000000 9735.000000 
8709.000000 9743.000000 
8723.000000 9742.000000 
8740.000000 9721.000000 
8756.000000 9714.000000 
8818.000000 9654.000000 
8834.000000 9633.000000 
8828.000000 9648.000000 
8859.000000 9628.000000 
8878.000000 9606.000000 
8861.000000 9619.000000 
8900.000000 9584.000000 
8885.000000 9586.000000 
8882.000000 9604.000000 
9043.000000 9459.000000 
9024.000000 9478.000000 
9022.000000 9489.000000 
9016.000000 9502.000000 
9036.000000 9460.000000 
9090.000000 9457.000000 
9102.000000 9438.000000 
9104.000000 9436.000000 
9081.000000 9458.000000 
9099.000000 9449.000000 

7819.000000 10014.000000 
7816.000000 10027.000000 
7799.000000 10031.000000 
7837.000000 10010.000000 
7884.000000 10005.000000 
7857.000000 10006.000000 
8074.000000 9937.000000 
8101.000000 9935.000000 
7990.000000 9962.000000 
8037.000000 9942.000000 
8175.000000 9926.000000 
8186.000000 9915.000000 
8233.000000 9897.000000 
8204.000000 9904.000000 
8249.000000 9896.000000 
8345.000000 9883.000000 
8313.000000 9890.000000 
8350.000000 9867.000000 
8405.000000 9862.000000 
8446.000000 9832.000000 
8409.000000 9846.000000 
8474.000000 9818.000000 
8524.000000 9798.000000 
8465.000000 9819.000000 
8592.000000 9794.000000 
8632.000000 9781.000000 
8689.000000 9746.000000 
8652.000000 9775.000000 
8656.000000 9763.000000 
8642.000000 9780.000000 
8663.000000 9757.000000 
8683.000000 9752.000000 
8727.000000 9725.000000 
8734.000000 9714.000000 
8772.000000 9693.000000 
8799.000000 9674.000000 
8781.000000 9691.000000 
8763.000000 9702.000000 
8804.000000 9653.000000 
8807.000000 9639.000000 
8889.000000 9584.000000 
8852.000000 9629.000000 
8873.000000 9591.000000 
8866.000000 9617.000000 
8871.000000 9593.000000 
8926.000000 9530.000000 
8910.000000 9568.000000 
8922.000000 9537.000000 
8945.000000 9523.000000 
8984.000000 9502.000000 
8998.000000 9492.000000 
8958.000000 9512.000000 
8980.000000 9511.000000 
9021.000000 9475.000000 
9048.000000 9446.000000 
9013.000000 9480.000000 
9088.000000 9423.000000 
9102.000000 9408.000000 
9104.000000 9387.000000 
9090.000000 9409.000000 
9105.000000 9374.000000 
9133.000000 9370.000000 
9160.000000 9356.000000 
9163.000000 9346.000000 
9170.000000 9339.000000 
9189.000000 9333.000000 
9243.000000 9300.000000 
9217.000000 9309.000000 
9244.000000 9283.000000 
9236.000000 9306.000000 
9258.000000 9270.000000 
9319.000000 9213.000000 
9286.000000 9247.000000 
9308.000000 9231.000000 
9285.000000 9255.000000 
9297.000000 9246.000000 
9334.000000 9194.000000 
9370.000000 9163.000000 
9355.000000 9186.000000 
9326.000000 9209.000000 
9386.000000 9146.000000 
9371.000000 9148.000000 
9391.000000 9118.000000 

7626.000000 10037.000000 
7489.000000 10047.000000 
7622.000000 10039.000000 
7558.000000 10041.000000 
7774.000000 10029.000000 
7766.000000 10035.000000 
7787.000000 10023.000000 
7845.000000 10019.000000 
8000.000000 9984.000000 
7908.000000 10013.000000 
7986.000000 10001.000000 
7942.000000 10008.000000 
8070.000000 9962.000000 
8075.000000 9940.000000 
8222.000000 9903.000000 
8263.000000 9895.000000 
8360.000000 9846.000000 
8373.000000 9838.000000 
8366.000000 9844.000000 
8391.000000 9837.000000 
8450.000000 9816.000000 
8440.000000 9818.000000 
8418.000000 9830.000000 
8588.000000 9746.000000 
8589.000000 9735.000000 
8560.000000 9768.000000 
8648.000000 9722.000000 
8679.000000 9698.000000 
8567.000000 9766.000000 
8712.000000 9687.000000 
8729.000000 9686.000000 
8771.000000 9663.000000 
8766.000000 9684.000000 
8851.000000 9619.000000 
8868.000000 9618.000000 
8884.000000 9613.000000 
8886.000000 9607.000000 
8835.000000 9647.000000 
8848.000000 9635.000000 
8926.000000 9603.000000 
8935.000000 9563.000000 
8962.000000 9546.000000 
8992.000000 9543.000000 
8957.000000 9554.000000 
9003.000000 9518.000000 
9009.000000 9515.000000 
9012.000000 9499.000000 
9001.000000 9520.000000 
9020.000000 9488.000000 
9017.000000 9493.000000 
9055.000000 9467.000000 
9032.000000 9481.000000 
9036.000000 9471.000000 
9065.000000 9451.000000 
9051.000000 9469.000000 
9107.000000 9427.000000 
9089.000000 9448.000000 
9157.000000 9349.000000 
9155.000000 9353.000000 
9140.000000 9379.000000 
9185.000000 9329.000000 
9205.000000 9325.000000 
9237.000000 9313.000000 
9246.000000 9278.000000 
9263.000000 9260.000000 
9264.000000 9256.000000 
9287.000000 9229.000000 
9278.000000 9233.000000 
9311.000000 9190.000000 
9304.000000 9199.000000 
9310.000000 9197.000000 
9316.000000 9169.000000 
9302.000000 9216.000000 

7639.000000 10026.000000 
7737.000000 10021.000000 
7756.000000 10015.000000 
7800.000000 10013.000000 
7831.000000 10007.000000 
7870.000000 9997.000000 
7865.000000 10003.000000 
7982.000000 9996.000000 
8020.000000 9987.000000 
8030.000000 9955.000000 
8061.000000 9942.000000 
8252.000000 9877.000000 
8261.000000 9843.000000 
8309.000000 9836.000000 
8242.000000 9885.000000 
8491.000000 9772.000000 
8448.000000 9773.000000 
8412.000000 9791.000000 
8410.000000 9797.000000 
8413.000000 9785.000000 
8589.000000 9723.000000 
8599.000000 9717.000000 
8606.000000 9710.000000 
8617.000000 9702.000000 
8685.000000 9662.000000 
8637.000000 9696.000000 
8655.000000 9695.000000 
8731.000000 9657.000000 
8753.000000 9647.000000 
8767.000000 9637.000000 
8791.000000 9626.000000 
8838.000000 9602.000000 
8807.000000 9617.000000 
8800.000000 9623.000000 
8829.000000 9603.000000 
8839.000000 9585.000000 
8851.000000 9580.000000 
8896.000000 9552.000000 
8876.000000 9569.000000 
8878.000000 9567.000000 
8938.000000 9531.000000 
8974.000000 9494.000000 
8999.000000 9474.000000 
8965.000000 9502.000000 
8987.000000 9493.000000 
9007.000000 9457.000000 
9035.000000 9454.000000 
9000.000000 9472.000000 
9038.000000 9437.000000 
9069.000000 9425.000000 
9082.000000 9397.000000 
9073.000000 9409.000000 
9104.000000 9373.000000 
9072.000000 9410.000000 
9083.000000 9376.000000 
9149.000000 9343.000000 
9130.000000 9353.000000 
9133.000000 9346.000000 
9176.000000 9318.000000 
9137.000000 9344.000000 
9171.000000 9325.000000 
9160.000000 9327.000000 
9157.000000 9332.000000 
9192.000000 9304.000000 
9199.000000 9296.000000 
9203.000000 9288.000000 
9227.000000 9286.000000 
9230.000000 9284.000000 
9239.000000 9283.000000 
9264.000000 9201.000000 
9258.000000 9234.000000 
9242.000000 9251.000000 

7727.000000 10002.000000 
7725.000000 10020.000000 
7741.000000 9998.000000 
7893.000000 9996.000000 
7868.000000 9997.000000 
7908.000000 9993.000000 
7957.000000 9986.000000 
7918.000000 9990.000000 
7929.000000 9989.000000 
8063.000000 9962.000000 
8060.000000 9967.000000 
8070.000000 9961.000000 
8076.000000 9950.000000 
8109.000000 9948.000000 
8190.000000 9934.000000 
8186.000000 9945.000000 
8290.000000 9928.000000 
8260.000000 9929.000000 
8328.000000 9907.000000 
8354.000000 9896.000000 
8334.000000 9898.000000 
8363.000000 9882.000000 
8407.000000 9861.000000 
8415.000000 9852.000000 
8400.000000 9869.000000 
8450.000000 9850.000000 
8523.000000 9814.000000 
8477.000000 9835.000000 
8559.000000 9787.000000 
8579.000000 9781.000000 
8553.000000 9811.000000 
8635.000000 9775.000000 
8663.000000 9767.000000 
8705.000000 9710.000000 
8671.000000 9748.000000 
8683.000000 9719.000000 
8782.000000 9667.000000 
8790.000000 9649.000000 
8772.000000 9680.000000 
8834.000000 9645.000000 
8870.000000 9621.000000 
8879.000000 9605.000000 
8893.000000 9597.000000 
8875.000000 9615.000000 
8859.000000 9637.000000 
8896.000000 9579.000000 
8958.000000 9537.000000 
8981.000000 9507.000000 
8992.000000 9495.000000 
9010.000000 9476.000000 
8995.000000 9483.000000 
9033.000000 9460.000000 
9056.000000 9418.000000 
9073.000000 9409.000000 
9044.000000 9438.000000 
9093.000000 9377.000000 
9111.000000 9362.000000 
9133.000000 9353.000000 
9106.000000 9365.000000 
9136.000000 9331.000000 
9165.000000 9318.000000 
9175.000000 9305.000000 
9183.000000 9303.000000 
9228.000000 9264.000000 
9184.000000 9297.000000 
9200.000000 9285.000000 
9196.000000 9288.000000 
9210.000000 9279.000000 
9211.000000 9277.000000 

7876.000000 9983.000000 
7917.000000 9982.000000 
7994.000000 9974.000000 
8108.000000 9953.000000 
8087.000000 9967.000000 
8125.000000 9946.000000 
8161.000000 9910.000000 
8273.000000 9894.000000 
8346.000000 9873.000000 
8354.000000 9860.000000 
8400.000000 9858.000000 
8464.000000 9842.000000 
8420.000000 9849.000000 
8671.000000 9709.000000 
8621.000000 9710.000000 
8823.000000 9581.000000 
8864.000000 9577.000000 
8916.000000 9543.000000 
8931.000000 9508.000000 
8943.000000 9507.000000 
8921.000000 9521.000000 
9010.000000 9455.000000 
8992.000000 9485.000000 
8990.000000 9487.000000 
8996.000000 9465.000000 
9084.000000 9407.000000 
9048.000000 9448.000000 
9078.000000 9411.000000 
9071.000000 9429.000000 
9088.000000 9398.000000 
9134.000000 9349.000000 
9122.000000 9370.000000 
9166.000000 9345.000000 
9132.000000 9366.000000 
9204.000000 9292.000000 
9215.000000 9283.000000 
9175.000000 9294.000000 
9221.000000 9263.000000 
9234.000000 9247.000000 
9259.000000 9229.000000 
9284.000000 9192.000000 
9291.000000 9186.000000 
9275.000000 9226.000000 
9320.000000 9155.000000 
9325.000000 9148.000000 
9313.000000 9173.000000 
9344.000000 9124.000000 
9336.000000 9143.000000 
9360.000000 9099.000000 
9365.000000 9092.000000 
9334.000000 9147.000000 

7894.000000 9965.000000 
8077.000000 9908.000000 
8103.000000 9906.000000 
8166.000000 9887.000000 
8295.000000 9842.000000 
8286.000000 9843.000000 
8363.000000 9832.000000 
8367.000000 9821.000000 
8379.000000 9820.000000 
8412.000000 9812.000000 
8529.000000 9797.000000 
8556.000000 9763.000000 
8581.000000 9758.000000 
8608.000000 9724.000000 
8619.000000 9713.000000 
8634.000000 9712.000000 
8733.000000 9667.000000 
8740.000000 9660.000000 
8788.000000 9600.000000 
8787.000000 9650.000000 

7638.000000 9649.000000 
7765.000000 9640.000000 
