
7486.000000 10048.000000 
7540.000000 10030.000000 
7767.000000 10023.000000 
7687.000000 10028.000000 
7675.000000 10029.000000 
7732.000000 10025.000000 
7775.000000 10021.000000 
7804.000000 10007.000000 
7821.000000 10005.000000 
7976.000000 9999.000000 
8055.000000 9985.000000 
8059.000000 9978.000000 
8072.000000 9964.000000 
8087.000000 9962.000000 
8071.000000 9975.000000 
8155.000000 9950.000000 
8113.000000 9960.000000 
8145.000000 9956.000000 
8206.000000 9945.000000 
8258.000000 9920.000000 
8238.000000 9928.000000 
8244.000000 9924.000000 
8267.000000 9919.000000 
8350.000000 9877.000000 
8360.000000 9871.000000 
8315.000000 9892.000000 
8340.000000 9884.000000 
8422.000000 9833.000000 
8420.000000 9834.000000 
8407.000000 9854.000000 
8511.000000 9788.000000 
8488.000000 9827.000000 
8611.000000 9760.000000 
8615.000000 9750.000000 
8618.000000 9739.000000 
8639.000000 9738.000000 
8646.000000 9713.000000 
8702.000000 9697.000000 
8773.000000 9678.000000 
8792.000000 9652.000000 
8774.000000 9667.000000 
8842.000000 9622.000000 
8847.000000 9609.000000 
8894.000000 9576.000000 
8887.000000 9608.000000 
8901.000000 9564.000000 
8939.000000 9563.000000 
8976.000000 9531.000000 
8993.000000 9529.000000 
8955.000000 9550.000000 
8972.000000 9541.000000 
8963.000000 9548.000000 
9018.000000 9464.000000 
9050.000000 9437.000000 
8998.000000 9499.000000 
9015.000000 9475.000000 
9008.000000 9498.000000 
9071.000000 9411.000000 
9091.000000 9390.000000 
9108.000000 9355.000000 
9125.000000 9353.000000 
9180.000000 9324.000000 
9161.000000 9350.000000 

8017.000000 9942.000000 
8041.000000 9924.000000 

8029.000000 9966.000000 
8020.000000 9973.000000 
8185.000000 9958.000000 
8222.000000 9940.000000 
8230.000000 9927.000000 
8292.000000 9925.000000 
8302.000000 9919.000000 
8308.000000 9907.000000 
8313.000000 9906.000000 
8347.000000 9895.000000 
8342.000000 9902.000000 
8384.000000 9886.000000 
8470.000000 9820.000000 
8439.000000 9845.000000 
8408.000000 9862.000000 
8528.000000 9808.000000 
8566.000000 9787.000000 
8586.000000 9774.000000 
8535.000000 9801.000000 
8558.000000 9791.000000 
8631.000000 9734.000000 
8633.000000 9719.000000 
8610.000000 9766.000000 
8624.000000 9748.000000 
8627.000000 9736.000000 
8679.000000 9716.000000 
8704.000000 9699.000000 
8731.000000 9697.000000 
8746.000000 9690.000000 
8762.000000 9680.000000 
8769.000000 9676.000000 
8787.000000 9672.000000 
8858.000000 9642.000000 
8868.000000 9640.000000 
8855.000000 9662.000000 
8876.000000 9627.000000 
8875.000000 9638.000000 
8959.000000 9535.000000 
8970.000000 9522.000000 
9043.000000 9454.000000 
9067.000000 9443.000000 
9031.000000 9479.000000 
9026.000000 9484.000000 
9079.000000 9432.000000 
9111.000000 9400.000000 
9104.000000 9402.000000 
9084.000000 9410.000000 
9094.000000 9408.000000 
9098.000000 9403.000000 
9162.000000 9355.000000 
9148.000000 9392.000000 
9170.000000 9351.000000 
9161.000000 9360.000000 
9187.000000 9346.000000 
9207.000000 9327.000000 
9208.000000 9326.000000 
9197.000000 9344.000000 
9199.000000 9342.000000 
9234.000000 9311.000000 
9206.000000 9340.000000 
9238.000000 9289.000000 
9276.000000 9225.000000 
9240.000000 9252.000000 
9251.000000 9235.000000 

7552.000000 9963.000000 
7773.000000 9957.000000 
7776.000000 9955.000000 
7769.000000 9960.000000 
7866.000000 9954.000000 
8253.000000 9880.000000 
8258.000000 9874.000000 
8229.000000 9897.000000 
8291.000000 9859.000000 
8280.000000 9862.000000 
8453.000000 9780.000000 
8688.000000 9642.000000 
8672.000000 9659.000000 
8773.000000 9599.000000 
8736.000000 9611.000000 
8748.000000 9609.000000 
8806.000000 9575.000000 
8805.000000 9580.000000 
8876.000000 9531.000000 
8843.000000 9559.000000 
8911.000000 9508.000000 
8950.000000 9470.000000 
8931.000000 9495.000000 
8962.000000 9451.000000 
8974.000000 9446.000000 
8955.000000 9469.000000 
8949.000000 9487.000000 
9093.000000 9393.000000 
9077.000000 9398.000000 
9072.000000 9426.000000 
9065.000000 9431.000000 
9115.000000 9377.000000 
9112.000000 9379.000000 
9131.000000 9347.000000 
9130.000000 9375.000000 
9185.000000 9300.000000 
9184.000000 9327.000000 
9178.000000 9345.000000 
9239.000000 9251.000000 
9253.000000 9234.000000 
9244.000000 9238.000000 
9231.000000 9292.000000 
9267.000000 9228.000000 
9296.000000 9212.000000 

8096.000000 9862.000000 
7674.000000 10006.000000 
7677.000000 9996.000000 
7935.000000 9988.000000 
8083.000000 9966.000000 
8055.000000 9987.000000 
8228.000000 9842.000000 
8201.000000 9857.000000 
8255.000000 9834.000000 
8271.000000 9833.000000 
8237.000000 9837.000000 
8299.000000 9821.000000 
8280.000000 9827.000000 
8281.000000 9823.000000 
8452.000000 9820.000000 
8510.000000 9809.000000 
8572.000000 9796.000000 
8612.000000 9779.000000 
8621.000000 9771.000000 
8592.000000 9788.000000 
8670.000000 9738.000000 
8647.000000 9742.000000 
8635.000000 9747.000000 
8642.000000 9744.000000 
8648.000000 9740.000000 
8681.000000 9724.000000 
8775.000000 9691.000000 
8745.000000 9697.000000 
8738.000000 9712.000000 
8790.000000 9669.000000 
8782.000000 9683.000000 
8831.000000 9647.000000 
8793.000000 9668.000000 
8800.000000 9667.000000 
8851.000000 9638.000000 
8813.000000 9659.000000 
8834.000000 9643.000000 
8879.000000 9597.000000 
8862.000000 9610.000000 
8869.000000 9607.000000 
8941.000000 9550.000000 
8932.000000 9590.000000 
8964.000000 9536.000000 
8940.000000 9561.000000 
8979.000000 9522.000000 
8953.000000 9547.000000 
9075.000000 9422.000000 
9067.000000 9455.000000 
9056.000000 9456.000000 
9076.000000 9421.000000 
9051.000000 9457.000000 
9129.000000 9397.000000 
9081.000000 9420.000000 
9163.000000 9362.000000 
9194.000000 9283.000000 
9175.000000 9335.000000 
9263.000000 9247.000000 
9268.000000 9212.000000 
9277.000000 9196.000000 
9313.000000 9166.000000 
9326.000000 9144.000000 
9311.000000 9173.000000 
9298.000000 9192.000000 
9322.000000 9148.000000 

7697.000000 9969.000000 
7940.000000 9968.000000 
8010.000000 9950.000000 
7951.000000 9963.000000 
7957.000000 9953.000000 
8088.000000 9941.000000 
8079.000000 9949.000000 
8110.000000 9939.000000 
8149.000000 9925.000000 
8081.000000 9947.000000 
8145.000000 9934.000000 
8161.000000 9921.000000 
8204.000000 9912.000000 
8323.000000 9904.000000 
8340.000000 9899.000000 
8370.000000 9898.000000 
8415.000000 9861.000000 
8411.000000 9868.000000 
8397.000000 9876.000000 
8431.000000 9856.000000 
8479.000000 9848.000000 
8444.000000 9853.000000 
8466.000000 9851.000000 
8528.000000 9835.000000 
8578.000000 9812.000000 
8627.000000 9794.000000 
8567.000000 9815.000000 
8665.000000 9773.000000 
8587.000000 9796.000000 
8641.000000 9786.000000 
8673.000000 9763.000000 
8674.000000 9752.000000 
8750.000000 9734.000000 
8683.000000 9741.000000 
8766.000000 9716.000000 
8634.000000 9793.000000 
8784.000000 9695.000000 
8800.000000 9670.000000 
8812.000000 9661.000000 
8798.000000 9678.000000 
8806.000000 9664.000000 
8831.000000 9654.000000 
8847.000000 9627.000000 
8859.000000 9618.000000 
8848.000000 9624.000000 
8854.000000 9621.000000 
8922.000000 9577.000000 
8921.000000 9588.000000 
8954.000000 9560.000000 
8969.000000 9545.000000 
8986.000000 9537.000000 
8968.000000 9556.000000 
9014.000000 9499.000000 
9051.000000 9472.000000 
8987.000000 9528.000000 
9022.000000 9483.000000 
9001.000000 9521.000000 
9046.000000 9479.000000 
9082.000000 9449.000000 
9073.000000 9453.000000 
9084.000000 9428.000000 
9116.000000 9380.000000 
9098.000000 9384.000000 
9140.000000 9376.000000 
9152.000000 9327.000000 
9169.000000 9320.000000 
9150.000000 9363.000000 
9199.000000 9314.000000 
9200.000000 9294.000000 
9225.000000 9282.000000 
9247.000000 9271.000000 
9209.000000 9292.000000 
9284.000000 9224.000000 
9242.000000 9278.000000 
9262.000000 9240.000000 
9274.000000 9229.000000 
9258.000000 9255.000000 
9272.000000 9238.000000 
9293.000000 9213.000000 
9305.000000 9169.000000 

7103.000000 7417.000000 
7399.000000 7320.000000 
6635.000000 7502.000000 

7094.000000 7314.000000 
7037.000000 7385.000000 
6538.000000 7703.000000 
7187.000000 6722.000000 
7149.000000 7313.000000 
7459.000000 6705.000000 
7163.000000 7101.000000 

6960.000000 7633.000000 
7402.000000 7195.000000 
7024.000000 7200.000000 

7808.000000 9964.000000 
7813.000000 9953.000000 
7769.000000 9974.000000 
7969.000000 9938.000000 
7866.000000 9951.000000 
8106.000000 9855.000000 
8150.000000 9848.000000 

8023.000000 9908.000000 
8016.000000 9939.000000 
7972.000000 9951.000000 
8181.000000 9884.000000 
8319.000000 9855.000000 
8279.000000 9864.000000 
8260.000000 9876.000000 
8338.000000 9843.000000 
8329.000000 9849.000000 
8394.000000 9821.000000 
8385.000000 9822.000000 
8450.000000 9816.000000 
8488.000000 9795.000000 
8497.000000 9792.000000 
8525.000000 9775.000000 
8533.000000 9765.000000 
8584.000000 9754.000000 
8616.000000 9742.000000 
8594.000000 9748.000000 
8593.000000 9753.000000 
8640.000000 9721.000000 
8650.000000 9715.000000 
8666.000000 9710.000000 
8672.000000 9705.000000 
8646.000000 9720.000000 
8656.000000 9714.000000 
8649.000000 9719.000000 
8692.000000 9684.000000 
8702.000000 9670.000000 
8696.000000 9679.000000 
8688.000000 9694.000000 
8747.000000 9658.000000 
8743.000000 9666.000000 
8765.000000 9657.000000 
8787.000000 9651.000000 
8789.000000 9644.000000 
8806.000000 9628.000000 
8899.000000 9549.000000 
8865.000000 9581.000000 
9015.000000 9461.000000 
8975.000000 9486.000000 
8958.000000 9505.000000 
9076.000000 9439.000000 
9079.000000 9416.000000 
9038.000000 9460.000000 
9092.000000 9394.000000 
9089.000000 9404.000000 
9106.000000 9385.000000 
9133.000000 9374.000000 
9135.000000 9370.000000 
9137.000000 9369.000000 
9138.000000 9358.000000 
9154.000000 9355.000000 
9167.000000 9345.000000 
9140.000000 9357.000000 
9202.000000 9305.000000 
9274.000000 9246.000000 
9284.000000 9223.000000 
9256.000000 9296.000000 
9277.000000 9226.000000 
9288.000000 9194.000000 
9298.000000 9180.000000 

7859.000000 9996.000000 
7851.000000 9997.000000 
8007.000000 9982.000000 
7948.000000 9987.000000 
8060.000000 9963.000000 
8088.000000 9960.000000 
8098.000000 9954.000000 
8113.000000 9952.000000 
8137.000000 9944.000000 
8159.000000 9939.000000 
8268.000000 9901.000000 
8252.000000 9910.000000 
8337.000000 9885.000000 
8312.000000 9889.000000 
8272.000000 9891.000000 
8363.000000 9874.000000 
8381.000000 9873.000000 
8401.000000 9869.000000 
8593.000000 9700.000000 
8546.000000 9734.000000 
8522.000000 9794.000000 
8532.000000 9736.000000 
8547.000000 9709.000000 
8777.000000 9603.000000 
8729.000000 9644.000000 
8899.000000 9574.000000 
8837.000000 9594.000000 
8856.000000 9591.000000 
8933.000000 9518.000000 
8922.000000 9527.000000 
8982.000000 9479.000000 
8955.000000 9508.000000 
8947.000000 9517.000000 
8968.000000 9496.000000 
9003.000000 9449.000000 
8987.000000 9458.000000 
9112.000000 9376.000000 
9101.000000 9394.000000 
9087.000000 9399.000000 
9188.000000 9332.000000 
9179.000000 9360.000000 
9164.000000 9365.000000 
