138.777010 108.074276
143.563499 102.827252
116.898825 86.454930
87.228277 115.210675
147.366384 62.713678
80.536386 78.849100
94.842414 119.556597
67.592525 41.446029
99.389372 54.305817
86.646878 99.533642
122.093992 64.644863
104.254023 80.705126
113.633262 60.036945
108.987085 118.311429
98.674215 112.487903
93.439437 68.006273
114.510336 93.513925
136.416757 58.414821
99.919338 85.760336
126.855401 43.488302
149.455051 77.595561
77.956034 110.679522
124.771877 116.245748
83.075030 84.221197
107.229247 118.426527
57.534626 64.455762
69.091103 61.477989
98.527987 69.814949
89.469147 107.537051
143.001683 45.633290
70.891872 93.691481
85.864678 60.333092
79.529059 65.804061
134.866979 50.929707
120.891100 84.225598
79.651014 73.582469
75.620694 88.921097
58.159418 40.414789
112.789441 55.541916
57.094092 71.742706
55.076853 110.929372
52.761677 86.309192
93.847412 93.762091
82.815267 52.403329
148.184089 107.114680
136.040462 60.020109
53.883473 64.261241
103.708243 66.132099
132.786900 61.723433
146.525183 76.581213
134.202308 55.550403
91.135391 95.960977
63.835309 50.619634
146.953687 97.167608
54.106752 71.905672
93.352074 99.523411
75.086053 54.746694
58.087297 74.265158
118.849990 44.655488
141.521373 75.388178
73.978736 47.509863
68.286600 114.769120
113.827059 81.335701
115.711133 74.853832
123.003932 43.817290
106.603721 52.691716
62.016465 67.350373
59.179907 47.532559
81.141331 118.360842
67.533027 41.372888
126.336442 104.553038
84.630432 77.173905
114.977368 43.844714
144.914573 110.934431
76.089362 41.224363
143.343631 80.083191
103.937745 94.717102
111.585116 115.511328
144.425160 109.375915
113.640360 104.075944

7221.000000 8058.000000 
7260.000000 7975.000000 
7255.000000 8017.000000 
7664.000000 7052.000000 
7540.000000 7296.000000 
7595.000000 7290.000000 

8118.000000 7936.000000 
8173.000000 7915.000000 
8167.000000 7934.000000 
8243.000000 7901.000000 

8118.000000 7936.000000 
8173.000000 7915.000000 
8167.000000 7934.000000 
8243.000000 7901.000000 

8118.000000 7936.000000 
8173.000000 7915.000000 
8167.000000 7934.000000 
8243.000000 7901.000000 

8118.000000 7936.000000 
8173.000000 7915.000000 
8167.000000 7934.000000 
8243.000000 7901.000000 

8118.000000 7936.000000 
8173.000000 7915.000000 
8167.000000 7934.000000 
8243.000000 7901.000000 
