
7827.000000 9980.000000 
7801.000000 9989.000000 
7762.000000 9995.000000 
7808.000000 9988.000000 
7770.000000 9990.000000 
7941.000000 9972.000000 
7909.000000 9976.000000 
8093.000000 9964.000000 
8195.000000 9912.000000 
8168.000000 9914.000000 
8171.000000 9913.000000 
8222.000000 9909.000000 
8362.000000 9904.000000 
8478.000000 9869.000000 
8481.000000 9857.000000 
8418.000000 9890.000000 
8516.000000 9848.000000 
8503.000000 9852.000000 
8717.000000 9664.000000 
8774.000000 9605.000000 
8918.000000 9506.000000 
8971.000000 9477.000000 
8988.000000 9461.000000 
8995.000000 9449.000000 
9079.000000 9405.000000 
9069.000000 9433.000000 
9074.000000 9419.000000 
9066.000000 9446.000000 
9225.000000 9267.000000 
9255.000000 9227.000000 
9269.000000 9223.000000 
9270.000000 9202.000000 
9289.000000 9187.000000 
9292.000000 9185.000000 
9305.000000 9183.000000 
9353.000000 9152.000000 
9347.000000 9181.000000 
9379.000000 9125.000000 
9356.000000 9151.000000 
9366.000000 9147.000000 
9375.000000 9136.000000 
9396.000000 9096.000000 
9390.000000 9103.000000 
9395.000000 9100.000000 
9408.000000 9094.000000 
9398.000000 9095.000000 
9416.000000 9046.000000 
9387.000000 9117.000000 
9431.000000 9040.000000 
9456.000000 9027.000000 
9458.000000 9009.000000 
9444.000000 9039.000000 
9479.000000 8986.000000 
9518.000000 8933.000000 
9494.000000 8969.000000 
9520.000000 8929.000000 
9535.000000 8881.000000 
9527.000000 8896.000000 
9536.000000 8874.000000 
9580.000000 8807.000000 
9557.000000 8842.000000 
9567.000000 8829.000000 
9596.000000 8762.000000 
9586.000000 8789.000000 
9548.000000 8859.000000 
9618.000000 8659.000000 
9617.000000 8700.000000 
9611.000000 8737.000000 
9613.000000 8714.000000 
9653.000000 8647.000000 
9636.000000 8656.000000 
9673.000000 8546.000000 
9666.000000 8584.000000 
9664.000000 8613.000000 
9676.000000 8523.000000 
9672.000000 8554.000000 
9686.000000 8457.000000 
8574.000000 9710.000000 
8521.000000 9722.000000 
8538.000000 9711.000000 
8527.000000 9715.000000 
9088.000000 9386.000000 
8668.000000 9682.000000 
8658.000000 9692.000000 
8766.000000 9626.000000 
8869.000000 9569.000000 
8720.000000 9652.000000 
8758.000000 9648.000000 
8689.000000 9675.000000 
9130.000000 9341.000000 
9117.000000 9363.000000 
9127.000000 9350.000000 
9145.000000 9326.000000 
9164.000000 9319.000000 
9204.000000 9283.000000 
9208.000000 9278.000000 
9203.000000 9300.000000 
9276.000000 9199.000000 
9233.000000 9254.000000 
9229.000000 9256.000000 
9285.000000 9196.000000 
9689.000000 8259.000000 

7766.000000 9982.000000 
7819.000000 9976.000000 
7765.000000 9983.000000 
7914.000000 9963.000000 
7915.000000 9959.000000 
7898.000000 9975.000000 
7949.000000 9956.000000 
8027.000000 9938.000000 
7987.000000 9941.000000 
8036.000000 9935.000000 
8071.000000 9933.000000 
8022.000000 9939.000000 
8150.000000 9913.000000 
8106.000000 9926.000000 
8072.000000 9929.000000 
8375.000000 9837.000000 
8347.000000 9849.000000 
8412.000000 9822.000000 
8348.000000 9838.000000 
8521.000000 9774.000000 
8535.000000 9772.000000 
8552.000000 9768.000000 
8765.000000 9621.000000 
8950.000000 9529.000000 
8967.000000 9525.000000 
8982.000000 9495.000000 
8978.000000 9503.000000 
8980.000000 9500.000000 
9007.000000 9493.000000 
9021.000000 9485.000000 
9042.000000 9475.000000 
9016.000000 9489.000000 
9038.000000 9481.000000 
9263.000000 9256.000000 
9297.000000 9211.000000 
9279.000000 9219.000000 
9368.000000 9150.000000 
9332.000000 9180.000000 
9355.000000 9172.000000 
9380.000000 9140.000000 
9381.000000 9124.000000 
9390.000000 9111.000000 
9391.000000 9107.000000 
9406.000000 9106.000000 
9419.000000 9104.000000 
9434.000000 9083.000000 
9426.000000 9098.000000 
9451.000000 9073.000000 
9454.000000 9063.000000 
9462.000000 9033.000000 
9457.000000 9034.000000 
9486.000000 8989.000000 
9526.000000 8937.000000 
9541.000000 8904.000000 
9580.000000 8833.000000 
9582.000000 8824.000000 
9579.000000 8847.000000 
9631.000000 8753.000000 
9688.000000 8511.000000 
9684.000000 8523.000000 
9697.000000 8492.000000 
8256.000000 9858.000000 
8251.000000 9873.000000 
8376.000000 9832.000000 
8449.000000 9813.000000 
8500.000000 9777.000000 
8494.000000 9783.000000 
8601.000000 9733.000000 
8466.000000 9807.000000 
8682.000000 9724.000000 
8730.000000 9707.000000 
9568.000000 8874.000000 
9537.000000 8912.000000 
9528.000000 8930.000000 
9534.000000 8924.000000 
9512.000000 8982.000000 
8713.000000 9720.000000 
9523.000000 8961.000000 
9521.000000 8971.000000 
9481.000000 9015.000000 
9475.000000 9029.000000 
8857.000000 9591.000000 
8853.000000 9599.000000 
8844.000000 9615.000000 
8908.000000 9573.000000 
8894.000000 9577.000000 
8913.000000 9567.000000 
9063.000000 9464.000000 
9065.000000 9439.000000 
9085.000000 9431.000000 
9076.000000 9438.000000 
9064.000000 9442.000000 
9086.000000 9423.000000 
9091.000000 9422.000000 
9100.000000 9421.000000 
9118.000000 9417.000000 
9152.000000 9354.000000 
9184.000000 9315.000000 
9159.000000 9346.000000 
9157.000000 9349.000000 
9208.000000 9299.000000 
9177.000000 9321.000000 
9169.000000 9338.000000 
9218.000000 9286.000000 
9256.000000 9269.000000 
9261.000000 9262.000000 
9267.000000 9247.000000 
9274.000000 9238.000000 
9282.000000 9213.000000 
9311.000000 9186.000000 
9301.000000 9199.000000 
9577.000000 8863.000000 
9618.000000 8782.000000 
9611.000000 8817.000000 
9632.000000 8722.000000 
9639.000000 8662.000000 
9633.000000 8690.000000 
9637.000000 8684.000000 
9648.000000 8656.000000 
9673.000000 8600.000000 
9660.000000 8622.000000 
9671.000000 8619.000000 
9658.000000 8641.000000 
9678.000000 8556.000000 
9674.000000 8569.000000 
9683.000000 8545.000000 
9687.000000 8515.000000 
9709.000000 8468.000000 
9718.000000 8405.000000 
9713.000000 8449.000000 
9727.000000 8395.000000 
9732.000000 8274.000000 
9729.000000 8323.000000 
9733.000000 8264.000000 
9736.000000 8259.000000 
9746.000000 8246.000000 

7936.000000 9977.000000 
8083.000000 9956.000000 
8114.000000 9944.000000 
8172.000000 9941.000000 
8312.000000 9870.000000 
8567.000000 9732.000000 
8875.000000 9565.000000 
8880.000000 9564.000000 
9146.000000 9342.000000 
9126.000000 9381.000000 
9338.000000 9187.000000 
9345.000000 9161.000000 
9362.000000 9134.000000 
9379.000000 9125.000000 
9413.000000 9095.000000 
9384.000000 9104.000000 
9414.000000 9034.000000 
9717.000000 8209.000000 
9716.000000 8241.000000 
9722.000000 8144.000000 
9710.000000 8284.000000 
9713.000000 8270.000000 
8428.000000 9736.000000 
8393.000000 9816.000000 
8329.000000 9832.000000 
8618.000000 9695.000000 
8596.000000 9703.000000 
8606.000000 9697.000000 
8649.000000 9687.000000 
8666.000000 9682.000000 
8630.000000 9691.000000 
8686.000000 9648.000000 
8683.000000 9649.000000 
8771.000000 9612.000000 
8754.000000 9616.000000 
8802.000000 9604.000000 
8817.000000 9600.000000 
8844.000000 9578.000000 
8956.000000 9546.000000 
8958.000000 9537.000000 
8945.000000 9561.000000 
8969.000000 9522.000000 
8971.000000 9515.000000 
8961.000000 9534.000000 
8980.000000 9514.000000 
8981.000000 9511.000000 
9006.000000 9507.000000 
9024.000000 9492.000000 
9041.000000 9468.000000 
9038.000000 9479.000000 
9067.000000 9456.000000 
9053.000000 9463.000000 
9082.000000 9440.000000 
9081.000000 9442.000000 
9090.000000 9416.000000 
9102.000000 9409.000000 
9099.000000 9415.000000 
9100.000000 9411.000000 
9135.000000 9373.000000 
9112.000000 9393.000000 
9141.000000 9370.000000 
9175.000000 9317.000000 
9161.000000 9319.000000 
9160.000000 9326.000000 
9180.000000 9313.000000 
9282.000000 9227.000000 
9244.000000 9250.000000 
9251.000000 9244.000000 
9240.000000 9266.000000 
9298.000000 9196.000000 
9289.000000 9207.000000 
9356.000000 9141.000000 
9452.000000 9025.000000 
9457.000000 9005.000000 
9471.000000 8963.000000 
9493.000000 8950.000000 
9509.000000 8921.000000 
9529.000000 8885.000000 
9514.000000 8906.000000 
9524.000000 8897.000000 
9576.000000 8775.000000 
9561.000000 8849.000000 
9572.000000 8797.000000 
9564.000000 8800.000000 
9577.000000 8771.000000 
9626.000000 8695.000000 
9603.000000 8749.000000 
9628.000000 8673.000000 
9621.000000 8718.000000 
9635.000000 8647.000000 
9642.000000 8614.000000 
9645.000000 8608.000000 
9646.000000 8580.000000 
9670.000000 8577.000000 
9685.000000 8487.000000 
9694.000000 8453.000000 
9693.000000 8485.000000 
9680.000000 8513.000000 
9699.000000 8350.000000 
9679.000000 8545.000000 
