
7724.000000 10025.000000 
7795.000000 10019.000000 
7683.000000 10030.000000 
7803.000000 10005.000000 
7837.000000 10002.000000 
8037.000000 10000.000000 
8046.000000 9999.000000 
8076.000000 9993.000000 
8075.000000 9997.000000 
8107.000000 9980.000000 
8313.000000 9901.000000 
8266.000000 9925.000000 
8303.000000 9908.000000 
8277.000000 9920.000000 
8291.000000 9909.000000 
8736.000000 9673.000000 
8802.000000 9657.000000 
8822.000000 9651.000000 
8863.000000 9616.000000 
8908.000000 9606.000000 
8967.000000 9542.000000 
8993.000000 9530.000000 
9022.000000 9507.000000 
9126.000000 9390.000000 
9220.000000 9284.000000 
9245.000000 9256.000000 
9225.000000 9279.000000 
9242.000000 9267.000000 
9309.000000 9204.000000 
9303.000000 9210.000000 
9302.000000 9224.000000 
9322.000000 9171.000000 
9343.000000 9154.000000 
9315.000000 9199.000000 
9362.000000 9118.000000 
9352.000000 9131.000000 
9367.000000 9111.000000 
9372.000000 9102.000000 
9375.000000 9096.000000 
9413.000000 9055.000000 
9398.000000 9061.000000 
9391.000000 9067.000000 
9485.000000 8986.000000 
9490.000000 8954.000000 
9497.000000 8936.000000 
9521.000000 8928.000000 
9586.000000 8887.000000 
8386.000000 9843.000000 
8711.000000 9685.000000 
8664.000000 9731.000000 
8621.000000 9745.000000 
8602.000000 9769.000000 
8585.000000 9782.000000 
9009.000000 9510.000000 
9090.000000 9504.000000 
9119.000000 9481.000000 
9092.000000 9482.000000 
9567.000000 8913.000000 
9582.000000 8891.000000 
9193.000000 9379.000000 
9213.000000 9369.000000 
9549.000000 8924.000000 
9572.000000 8897.000000 
9602.000000 8847.000000 
9597.000000 8869.000000 
9612.000000 8826.000000 
9619.000000 8788.000000 
9624.000000 8782.000000 
9615.000000 8806.000000 
9647.000000 8747.000000 
9666.000000 8714.000000 
9644.000000 8779.000000 
9649.000000 8745.000000 
9646.000000 8750.000000 
9656.000000 8727.000000 
9678.000000 8645.000000 
9686.000000 8630.000000 
9675.000000 8647.000000 
9670.000000 8661.000000 
9715.000000 8568.000000 
9701.000000 8628.000000 
9716.000000 8536.000000 
9702.000000 8596.000000 
9720.000000 8509.000000 
9727.000000 8475.000000 
9742.000000 8435.000000 
9767.000000 8296.000000 
9760.000000 8375.000000 
9731.000000 8457.000000 
