
7938.000000 9951.000000 
7818.000000 9955.000000 
7872.000000 9954.000000 
7979.000000 9937.000000 
8200.000000 9935.000000 
8238.000000 9914.000000 
8228.000000 9923.000000 
8258.000000 9912.000000 
8322.000000 9896.000000 
8264.000000 9907.000000 
8292.000000 9897.000000 
8399.000000 9843.000000 
8385.000000 9846.000000 
8384.000000 9853.000000 
8363.000000 9886.000000 
8465.000000 9832.000000 
8479.000000 9827.000000 
8488.000000 9791.000000 
9195.000000 9332.000000 
9149.000000 9365.000000 
9159.000000 9352.000000 
9165.000000 9350.000000 
9204.000000 9288.000000 
9348.000000 9125.000000 
9433.000000 9007.000000 
9451.000000 8990.000000 
9480.000000 8938.000000 
9489.000000 8913.000000 
9621.000000 8724.000000 
9608.000000 8765.000000 
9622.000000 8712.000000 
9615.000000 8757.000000 
9620.000000 8733.000000 
9651.000000 8707.000000 
9691.000000 8456.000000 
9701.000000 8346.000000 
9693.000000 8364.000000 
9727.000000 8267.000000 
9720.000000 8292.000000 
9729.000000 8210.000000 
9723.000000 8289.000000 
9734.000000 8178.000000 
9740.000000 8158.000000 
9732.000000 8198.000000 
8530.000000 9755.000000 
8509.000000 9782.000000 
8519.000000 9779.000000 
8888.000000 9586.000000 
8871.000000 9590.000000 
8858.000000 9614.000000 
8842.000000 9620.000000 
8582.000000 9748.000000 
8585.000000 9736.000000 
8584.000000 9740.000000 
8649.000000 9733.000000 
8666.000000 9731.000000 
8679.000000 9724.000000 
8689.000000 9711.000000 
8720.000000 9700.000000 
8713.000000 9706.000000 
8731.000000 9687.000000 
8728.000000 9688.000000 
8745.000000 9674.000000 
8776.000000 9659.000000 
8794.000000 9646.000000 
8775.000000 9661.000000 
8828.000000 9627.000000 
8838.000000 9623.000000 
8807.000000 9638.000000 
8816.000000 9637.000000 
8867.000000 9600.000000 
8862.000000 9602.000000 
8952.000000 9550.000000 
8955.000000 9541.000000 
8911.000000 9578.000000 
8968.000000 9533.000000 
8961.000000 9536.000000 
8973.000000 9526.000000 
8959.000000 9538.000000 
9014.000000 9473.000000 
8991.000000 9507.000000 
9007.000000 9494.000000 
9009.000000 9476.000000 
9100.000000 9415.000000 
9095.000000 9424.000000 
9104.000000 9395.000000 
9068.000000 9442.000000 
9082.000000 9430.000000 
9059.000000 9448.000000 
9055.000000 9466.000000 
9065.000000 9446.000000 
9197.000000 9298.000000 
9179.000000 9346.000000 
9232.000000 9272.000000 
9268.000000 9221.000000 
9248.000000 9257.000000 
9260.000000 9256.000000 
9295.000000 9207.000000 
9301.000000 9177.000000 
9321.000000 9141.000000 
9318.000000 9146.000000 
9333.000000 9139.000000 
9317.000000 9168.000000 
9354.000000 9112.000000 
9350.000000 9118.000000 
9397.000000 9071.000000 
9386.000000 9075.000000 
9415.000000 9049.000000 
9385.000000 9107.000000 
9406.000000 9060.000000 
9422.000000 9031.000000 
9413.000000 9053.000000 
9430.000000 9015.000000 
9440.000000 8992.000000 
9535.000000 8873.000000 
9465.000000 8985.000000 
9481.000000 8914.000000 
9478.000000 8963.000000 
9518.000000 8904.000000 
9522.000000 8895.000000 
9519.000000 8902.000000 
9528.000000 8891.000000 
9527.000000 8893.000000 
9524.000000 8894.000000 
9550.000000 8864.000000 
9559.000000 8855.000000 
9591.000000 8814.000000 
9595.000000 8796.000000 
9598.000000 8767.000000 
9580.000000 8835.000000 
9671.000000 8612.000000 
9687.000000 8525.000000 
9681.000000 8557.000000 
9672.000000 8580.000000 
