8620.0 8336.0
8566.0 8468.0
8592.0 8382.0
8342.0 8488.0
8484.0 8480.0
8584.0 8448.0
8654.0 8315.0
7921.0 8598.0
7924.0 8588.0
8167.0 8568.0
8221.0 8402.0
8238.0 8400.0
8206.0 8488.0
8209.0 8440.0
8413.0 8096.0
8111.0 8354.0
8423.0 8048.0
8538.0 8040.0
8275.0 8352.0
8418.0 8088.0
8381.0 8105.0
8374.0 8148.0
8656.0 7980.0
8489.0 8323.0
8609.0 8035.0
8638.0 8013.0
8518.0 8121.0
8667.0 7976.0
8585.0 8068.0
8610.0 8018.0
8480.0 8239.0
8344.0 8464.0
8452.0 8309.0
8430.0 8413.0
8347.0 8213.0
8221.0 8297.0
8303.0 8295.0
8262.0 8667.0
8178.0 8706.0
8343.0 8609.0
8132.0 8748.0
8363.0 8559.0
8394.0 8537.0
8569.0 8380.0
8418.0 8580.0
8494.0 8532.0
8129.0 8034.0
8182.0 8028.0
7951.0 8123.0
7962.0 8058.0
8201.0 7999.0
8551.0 8015.0
8593.0 7943.0
8328.0 8264.0
8302.0 8404.0
8558.0 7972.0
8381.0 8263.0
8445.0 8195.0
8544.0 8112.0
