
7534.000000 10030.000000 
7632.000000 10016.000000 
7771.000000 9988.000000 
7753.000000 10007.000000 
7785.000000 9986.000000 
7762.000000 9989.000000 
7818.000000 9985.000000 
7885.000000 9980.000000 
8670.000000 9751.000000 
9190.000000 9331.000000 
9237.000000 9268.000000 
9272.000000 9236.000000 
9262.000000 9249.000000 
9287.000000 9232.000000 
9308.000000 9189.000000 
9422.000000 9049.000000 
9427.000000 9027.000000 
9431.000000 8994.000000 
9453.000000 8985.000000 
9400.000000 9068.000000 
9656.000000 8553.000000 
9687.000000 8447.000000 
9645.000000 8587.000000 
9696.000000 8394.000000 
9719.000000 8334.000000 
9729.000000 8275.000000 
9779.000000 8099.000000 
9782.000000 8082.000000 
9802.000000 8053.000000 
9790.000000 8063.000000 
7674.000000 10013.000000 
7627.000000 10018.000000 
7599.000000 10026.000000 
8050.000000 9952.000000 
8029.000000 9954.000000 
8102.000000 9950.000000 
8153.000000 9946.000000 
8167.000000 9940.000000 
8169.000000 9922.000000 
8192.000000 9919.000000 
8274.000000 9915.000000 
8337.000000 9877.000000 
8314.000000 9893.000000 
8380.000000 9872.000000 
8391.000000 9861.000000 
8432.000000 9846.000000 
8405.000000 9849.000000 
8393.000000 9852.000000 
8531.000000 9795.000000 
8504.000000 9817.000000 
8502.000000 9830.000000 
8509.000000 9796.000000 
8534.000000 9788.000000 
8586.000000 9767.000000 
8558.000000 9778.000000 
8627.000000 9758.000000 
8724.000000 9713.000000 
8731.000000 9705.000000 
8706.000000 9744.000000 
8763.000000 9703.000000 
8800.000000 9674.000000 
8784.000000 9676.000000 
8847.000000 9642.000000 
8838.000000 9643.000000 
8890.000000 9589.000000 
8900.000000 9566.000000 
8895.000000 9582.000000 
8853.000000 9635.000000 
8866.000000 9621.000000 
8894.000000 9583.000000 
8889.000000 9613.000000 
8938.000000 9562.000000 
8988.000000 9528.000000 
8974.000000 9531.000000 
8990.000000 9523.000000 
8971.000000 9549.000000 
8979.000000 9529.000000 
9039.000000 9503.000000 
9051.000000 9458.000000 
9084.000000 9451.000000 
9062.000000 9452.000000 
9100.000000 9439.000000 
9145.000000 9399.000000 
9101.000000 9422.000000 
9173.000000 9357.000000 
9219.000000 9298.000000 
9192.000000 9320.000000 
9210.000000 9309.000000 
9226.000000 9274.000000 
9135.000000 9421.000000 
9150.000000 9374.000000 
9256.000000 9259.000000 
9290.000000 9216.000000 
9303.000000 9195.000000 
9296.000000 9215.000000 
9301.000000 9197.000000 
9298.000000 9204.000000 
9366.000000 9096.000000 
9345.000000 9184.000000 
9356.000000 9155.000000 
9363.000000 9131.000000 
9385.000000 9076.000000 
9390.000000 9074.000000 
9383.000000 9088.000000 
9417.000000 9054.000000 
9454.000000 8981.000000 
9464.000000 8968.000000 
9486.000000 8962.000000 
9487.000000 8902.000000 
9503.000000 8886.000000 
9520.000000 8876.000000 
9527.000000 8835.000000 
9563.000000 8804.000000 
9547.000000 8833.000000 
9567.000000 8782.000000 
9582.000000 8754.000000 
9596.000000 8721.000000 
9598.000000 8696.000000 
9619.000000 8683.000000 
9607.000000 8692.000000 
9629.000000 8627.000000 
9649.000000 8560.000000 
9660.000000 8552.000000 
9647.000000 8574.000000 
9631.000000 8622.000000 
9641.000000 8610.000000 
9676.000000 8524.000000 
9679.000000 8506.000000 
9689.000000 8410.000000 
9693.000000 8398.000000 
9690.000000 8404.000000 
9709.000000 8377.000000 
9710.000000 8338.000000 
9705.000000 8378.000000 
9725.000000 8289.000000 
9776.000000 8163.000000 
9770.000000 8259.000000 

7673.000000 9996.000000 
8369.000000 9846.000000 
8357.000000 9879.000000 
8654.000000 9737.000000 
8666.000000 9723.000000 
8683.000000 9721.000000 
8782.000000 9652.000000 
8999.000000 9533.000000 
9025.000000 9496.000000 
9047.000000 9483.000000 
9033.000000 9487.000000 
9073.000000 9448.000000 
9068.000000 9464.000000 
9082.000000 9441.000000 
9079.000000 9443.000000 
9085.000000 9434.000000 
9115.000000 9433.000000 
9146.000000 9410.000000 
9147.000000 9405.000000 
9158.000000 9385.000000 
9134.000000 9429.000000 
9173.000000 9363.000000 
9220.000000 9332.000000 
9156.000000 9397.000000 
9175.000000 9356.000000 
9214.000000 9333.000000 
9213.000000 9338.000000 
9246.000000 9292.000000 
9238.000000 9323.000000 
9253.000000 9284.000000 
9245.000000 9308.000000 
9247.000000 9285.000000 
9280.000000 9257.000000 
9279.000000 9274.000000 
9254.000000 9275.000000 
9299.000000 9229.000000 
9334.000000 9199.000000 
9338.000000 9179.000000 
9315.000000 9224.000000 
9355.000000 9173.000000 
9327.000000 9204.000000 
9418.000000 9047.000000 
9394.000000 9103.000000 
9421.000000 9044.000000 
9431.000000 9005.000000 
9430.000000 9037.000000 
9440.000000 8992.000000 
9517.000000 8944.000000 
9535.000000 8904.000000 
9595.000000 8773.000000 
9590.000000 8851.000000 
9687.000000 8531.000000 
9722.000000 8412.000000 
9702.000000 8413.000000 
9783.000000 8163.000000 
9743.000000 8285.000000 
9785.000000 8121.000000 
9794.000000 8074.000000 
9803.000000 8046.000000 
9773.000000 8258.000000 
9399.000000 9060.000000 
7776.000000 9980.000000 
7847.000000 9978.000000 
7967.000000 9972.000000 
8597.000000 9788.000000 
8516.000000 9828.000000 
8507.000000 9844.000000 
8567.000000 9827.000000 
8060.000000 9969.000000 
8121.000000 9964.000000 
8229.000000 9947.000000 
8181.000000 9950.000000 
8307.000000 9919.000000 
8325.000000 9889.000000 
8632.000000 9770.000000 
8634.000000 9748.000000 
8659.000000 9731.000000 
8637.000000 9740.000000 
8647.000000 9739.000000 
8748.000000 9693.000000 
8734.000000 9697.000000 
8761.000000 9681.000000 
8728.000000 9715.000000 
8778.000000 9659.000000 
8770.000000 9664.000000 
8876.000000 9649.000000 
8881.000000 9617.000000 
8893.000000 9606.000000 
8897.000000 9594.000000 
8951.000000 9582.000000 
8921.000000 9593.000000 
8955.000000 9575.000000 
8960.000000 9565.000000 
8975.000000 9555.000000 
8982.000000 9549.000000 
9000.000000 9530.000000 
9020.000000 9520.000000 
9052.000000 9479.000000 
9054.000000 9473.000000 
8998.000000 9543.000000 
9469.000000 8987.000000 
9562.000000 8876.000000 
9474.000000 8974.000000 
9481.000000 8970.000000 
9504.000000 8966.000000 
9545.000000 8886.000000 
9547.000000 8885.000000 
9550.000000 8882.000000 
9615.000000 8726.000000 
9640.000000 8653.000000 
9641.000000 8639.000000 
9656.000000 8584.000000 
9665.000000 8583.000000 
9642.000000 8631.000000 
9649.000000 8621.000000 
9651.000000 8620.000000 
9654.000000 8589.000000 
9666.000000 8570.000000 
9671.000000 8557.000000 
9678.000000 8540.000000 
9700.000000 8455.000000 
9690.000000 8468.000000 
9668.000000 8564.000000 
9723.000000 8400.000000 
9754.000000 8267.000000 
9732.000000 8381.000000 
9741.000000 8343.000000 

7448.000000 9989.000000 
7430.000000 10039.000000 
7362.000000 10048.000000 
7755.000000 9979.000000 
7894.000000 9953.000000 
7936.000000 9930.000000 
8240.000000 9912.000000 
8260.000000 9911.000000 
8281.000000 9903.000000 
8336.000000 9893.000000 
8354.000000 9884.000000 
8399.000000 9867.000000 
8438.000000 9861.000000 
8381.000000 9883.000000 
8382.000000 9871.000000 
8440.000000 9850.000000 
8480.000000 9827.000000 
8457.000000 9834.000000 
8689.000000 9681.000000 
8755.000000 9677.000000 
8797.000000 9644.000000 
8792.000000 9665.000000 
8838.000000 9630.000000 
8806.000000 9643.000000 
8808.000000 9642.000000 
8949.000000 9558.000000 
8930.000000 9587.000000 
8936.000000 9583.000000 
8973.000000 9538.000000 
8955.000000 9557.000000 
8986.000000 9513.000000 
8962.000000 9550.000000 
8985.000000 9516.000000 
8982.000000 9521.000000 
9010.000000 9506.000000 
9021.000000 9468.000000 
9014.000000 9477.000000 
9026.000000 9460.000000 
9093.000000 9408.000000 
9132.000000 9353.000000 
9090.000000 9416.000000 
9118.000000 9380.000000 
9208.000000 9303.000000 
9270.000000 9235.000000 
9269.000000 9260.000000 
9276.000000 9228.000000 
9253.000000 9286.000000 
9277.000000 9227.000000 
9335.000000 9122.000000 
9329.000000 9130.000000 
9300.000000 9171.000000 
9317.000000 9148.000000 
9321.000000 9143.000000 
9354.000000 9119.000000 
9368.000000 9064.000000 
9399.000000 9062.000000 
9551.000000 8890.000000 
9615.000000 8755.000000 
9640.000000 8631.000000 
9628.000000 8714.000000 
9637.000000 8690.000000 
9658.000000 8627.000000 
9686.000000 8495.000000 
9687.000000 8481.000000 
9688.000000 8449.000000 
9698.000000 8441.000000 
9771.000000 8212.000000 
9769.000000 8225.000000 
7776.000000 9955.000000 
8002.000000 9925.000000 
7908.000000 9946.000000 
8079.000000 9920.000000 
8041.000000 9924.000000 
8558.000000 9807.000000 
8607.000000 9792.000000 
8561.000000 9803.000000 
8602.000000 9796.000000 
8569.000000 9800.000000 
8619.000000 9771.000000 
9534.000000 8929.000000 
9541.000000 8903.000000 
9507.000000 8983.000000 
9494.000000 9005.000000 
9502.000000 8986.000000 
9474.000000 9006.000000 
9452.000000 9024.000000 
9450.000000 9033.000000 
9449.000000 9036.000000 
9446.000000 9056.000000 
9464.000000 9021.000000 
9540.000000 8907.000000 
9543.000000 8899.000000 
9577.000000 8848.000000 
9610.000000 8797.000000 
9574.000000 8852.000000 
9595.000000 8845.000000 
9573.000000 8876.000000 
9616.000000 8715.000000 
9676.000000 8549.000000 
9661.000000 8593.000000 
9737.000000 8409.000000 
9731.000000 8426.000000 
9762.000000 8348.000000 
9766.000000 8273.000000 
9740.000000 8371.000000 
9785.000000 8188.000000 
9796.000000 8128.000000 
9789.000000 8139.000000 

7463.000000 10017.000000 
7479.000000 10014.000000 
7642.000000 10003.000000 
7557.000000 10013.000000 
7614.000000 10009.000000 
7657.000000 10001.000000 
7863.000000 9987.000000 
7814.000000 9993.000000 
7906.000000 9977.000000 
7959.000000 9955.000000 
7973.000000 9951.000000 
8055.000000 9939.000000 
7936.000000 9968.000000 
8053.000000 9946.000000 
8066.000000 9927.000000 
8118.000000 9918.000000 
8098.000000 9923.000000 
8138.000000 9914.000000 
8197.000000 9898.000000 
8170.000000 9908.000000 
8180.000000 9907.000000 
8211.000000 9894.000000 
8597.000000 9779.000000 
9017.000000 9520.000000 
9096.000000 9446.000000 
9073.000000 9457.000000 
9070.000000 9478.000000 
9117.000000 9429.000000 
9120.000000 9424.000000 
9138.000000 9392.000000 
9128.000000 9406.000000 
9165.000000 9381.000000 
9257.000000 9249.000000 
9329.000000 9159.000000 
9409.000000 9029.000000 
9436.000000 9020.000000 
9468.000000 8945.000000 
9452.000000 8993.000000 
9458.000000 8949.000000 
9501.000000 8942.000000 
9531.000000 8878.000000 
9543.000000 8830.000000 
9553.000000 8792.000000 
9562.000000 8781.000000 
9605.000000 8729.000000 
9596.000000 8758.000000 
9591.000000 8765.000000 
9602.000000 8740.000000 
9606.000000 8720.000000 
9607.000000 8714.000000 
9631.000000 8687.000000 
9617.000000 8708.000000 
9619.000000 8697.000000 
9627.000000 8688.000000 
9647.000000 8644.000000 
9643.000000 8670.000000 
9655.000000 8622.000000 
9666.000000 8570.000000 
9674.000000 8559.000000 
9696.000000 8513.000000 
9687.000000 8524.000000 
9697.000000 8481.000000 
9704.000000 8408.000000 
9718.000000 8404.000000 
9733.000000 8385.000000 
9775.000000 8257.000000 
9752.000000 8376.000000 
9785.000000 8198.000000 
9765.000000 8294.000000 
9781.000000 8239.000000 
9810.000000 8121.000000 
9792.000000 8164.000000 
9820.000000 8025.000000 
9819.000000 8079.000000 
8289.000000 9885.000000 
8277.000000 9891.000000 
8303.000000 9878.000000 
8309.000000 9875.000000 
8394.000000 9856.000000 
8381.000000 9872.000000 
8491.000000 9852.000000 
8502.000000 9830.000000 
8522.000000 9829.000000 
8533.000000 9807.000000 
8587.000000 9798.000000 
8526.000000 9813.000000 
8557.000000 9803.000000 
8528.000000 9809.000000 
8610.000000 9773.000000 
8635.000000 9771.000000 
8662.000000 9755.000000 
8696.000000 9746.000000 
8678.000000 9748.000000 
8706.000000 9733.000000 
8699.000000 9734.000000 
8714.000000 9725.000000 
8711.000000 9727.000000 
8747.000000 9704.000000 
8769.000000 9693.000000 
8728.000000 9723.000000 
8722.000000 9724.000000 
8738.000000 9710.000000 
8772.000000 9686.000000 
8792.000000 9661.000000 
8783.000000 9671.000000 
8820.000000 9646.000000 
8834.000000 9642.000000 
8812.000000 9656.000000 
8858.000000 9615.000000 
8846.000000 9635.000000 
8891.000000 9601.000000 
8903.000000 9585.000000 
8885.000000 9610.000000 
8973.000000 9553.000000 
8906.000000 9574.000000 
8927.000000 9567.000000 
8901.000000 9587.000000 
9013.000000 9529.000000 
9068.000000 9484.000000 
9030.000000 9513.000000 
9053.000000 9510.000000 
9105.000000 9436.000000 
9078.000000 9453.000000 
9136.000000 9394.000000 
9222.000000 9308.000000 
9206.000000 9353.000000 
9220.000000 9330.000000 
9269.000000 9233.000000 
9230.000000 9300.000000 
9279.000000 9202.000000 
9297.000000 9182.000000 
9253.000000 9282.000000 
9283.000000 9186.000000 
9295.000000 9185.000000 
9299.000000 9181.000000 
9347.000000 9142.000000 
9337.000000 9155.000000 
9352.000000 9107.000000 
9367.000000 9094.000000 
9314.000000 9180.000000 
9316.000000 9166.000000 
9395.000000 9047.000000 
9282.000000 9201.000000 
9272.000000 9209.000000 
9380.000000 9074.000000 

7716.000000 10015.000000 
7753.000000 10010.000000 
7828.000000 10006.000000 
7880.000000 9997.000000 
7847.000000 10001.000000 
7861.000000 10000.000000 
7980.000000 9987.000000 
8026.000000 9969.000000 
7912.000000 9995.000000 
8045.000000 9953.000000 
8015.000000 9972.000000 
8059.000000 9947.000000 
8088.000000 9945.000000 
8027.000000 9958.000000 
8214.000000 9904.000000 
8268.000000 9882.000000 
8223.000000 9902.000000 
8298.000000 9874.000000 
8262.000000 9890.000000 
8326.000000 9871.000000 
8332.000000 9866.000000 
8392.000000 9837.000000 
8386.000000 9863.000000 
8438.000000 9810.000000 
8424.000000 9830.000000 
8442.000000 9807.000000 
8433.000000 9811.000000 
8468.000000 9806.000000 
8518.000000 9795.000000 
8505.000000 9800.000000 
8523.000000 9789.000000 
8556.000000 9788.000000 
8580.000000 9767.000000 
8629.000000 9736.000000 
8666.000000 9728.000000 
8699.000000 9716.000000 
8695.000000 9721.000000 
8767.000000 9687.000000 
8731.000000 9710.000000 
8748.000000 9697.000000 
8777.000000 9674.000000 
8742.000000 9707.000000 
8763.000000 9691.000000 
8773.000000 9676.000000 
8791.000000 9668.000000 
8819.000000 9663.000000 
8838.000000 9642.000000 
8846.000000 9629.000000 
8888.000000 9593.000000 
8865.000000 9628.000000 
8986.000000 9581.000000 
8945.000000 9591.000000 
8988.000000 9573.000000 
9009.000000 9547.000000 
9005.000000 9553.000000 
9011.000000 9532.000000 
9024.000000 9523.000000 
9027.000000 9512.000000 
9075.000000 9483.000000 
9045.000000 9503.000000 
9115.000000 9434.000000 
9119.000000 9428.000000 
9105.000000 9458.000000 
9113.000000 9446.000000 
9157.000000 9412.000000 
9120.000000 9425.000000 
9114.000000 9438.000000 
9152.000000 9419.000000 
9159.000000 9382.000000 
9164.000000 9362.000000 
9192.000000 9346.000000 
9182.000000 9352.000000 
9175.000000 9355.000000 
9196.000000 9335.000000 
9213.000000 9326.000000 
9220.000000 9310.000000 
9223.000000 9296.000000 
9210.000000 9332.000000 
9277.000000 9247.000000 
9278.000000 9245.000000 
9251.000000 9290.000000 
9255.000000 9280.000000 
9291.000000 9232.000000 
9308.000000 9214.000000 
9336.000000 9139.000000 
9324.000000 9175.000000 
9318.000000 9183.000000 
9335.000000 9145.000000 
9326.000000 9161.000000 
9369.000000 9102.000000 
9550.000000 8813.000000 
9579.000000 8770.000000 
9566.000000 8781.000000 
9658.000000 8564.000000 
9721.000000 8415.000000 
9741.000000 8295.000000 
9740.000000 8299.000000 
9733.000000 8321.000000 
9731.000000 8365.000000 
9728.000000 8404.000000 
8091.000000 9940.000000 
8142.000000 9932.000000 
8603.000000 9746.000000 
9333.000000 9156.000000 
9442.000000 9019.000000 
9338.000000 9134.000000 
9373.000000 9077.000000 
9353.000000 9118.000000 
9410.000000 9071.000000 
9458.000000 9016.000000 
9426.000000 9068.000000 
9435.000000 9048.000000 
9441.000000 9034.000000 
9462.000000 8979.000000 
9467.000000 8961.000000 
9493.000000 8902.000000 
9472.000000 8926.000000 
9482.000000 8924.000000 
9495.000000 8888.000000 
9513.000000 8866.000000 
9535.000000 8830.000000 
9534.000000 8861.000000 
9510.000000 8884.000000 
9556.000000 8798.000000 
9587.000000 8768.000000 
9553.000000 8803.000000 
9603.000000 8739.000000 
9607.000000 8713.000000 
9622.000000 8707.000000 
9641.000000 8688.000000 
9654.000000 8666.000000 
9677.000000 8549.000000 
9634.000000 8698.000000 
9678.000000 8543.000000 
9691.000000 8521.000000 
9682.000000 8527.000000 
9712.000000 8468.000000 
9693.000000 8486.000000 
9697.000000 8479.000000 
9781.000000 8220.000000 
9772.000000 8287.000000 
9783.000000 8166.000000 
9795.000000 8144.000000 
9799.000000 8069.000000 
9806.000000 8061.000000 
9817.000000 8018.000000 

7584.000000 10020.000000 
7928.000000 9967.000000 
7930.000000 9964.000000 
7951.000000 9963.000000 
8130.000000 9944.000000 
8068.000000 9962.000000 
8075.000000 9946.000000 
8140.000000 9933.000000 
8133.000000 9939.000000 
8135.000000 9935.000000 
8199.000000 9922.000000 
8225.000000 9917.000000 
8198.000000 9927.000000 
8253.000000 9905.000000 
8224.000000 9921.000000 
8234.000000 9910.000000 
8314.000000 9894.000000 
8356.000000 9878.000000 
8316.000000 9880.000000 
8396.000000 9877.000000 
8411.000000 9867.000000 
8402.000000 9869.000000 
8397.000000 9873.000000 
8475.000000 9851.000000 
8459.000000 9857.000000 
8499.000000 9815.000000 
8533.000000 9797.000000 
8519.000000 9799.000000 
8559.000000 9778.000000 
8606.000000 9768.000000 
8672.000000 9742.000000 
8635.000000 9754.000000 
8676.000000 9729.000000 
8724.000000 9712.000000 
8740.000000 9705.000000 
8729.000000 9708.000000 
8756.000000 9675.000000 
8753.000000 9683.000000 
8798.000000 9671.000000 
8830.000000 9627.000000 
8806.000000 9640.000000 
8837.000000 9620.000000 
8897.000000 9579.000000 
8893.000000 9599.000000 
8931.000000 9576.000000 
8954.000000 9550.000000 
8953.000000 9562.000000 
8966.000000 9527.000000 
8983.000000 9525.000000 
8990.000000 9522.000000 
9009.000000 9496.000000 
9032.000000 9489.000000 
8998.000000 9507.000000 
9039.000000 9456.000000 
9033.000000 9467.000000 
9088.000000 9423.000000 
9064.000000 9447.000000 
9069.000000 9425.000000 
9105.000000 9401.000000 
9142.000000 9356.000000 
9127.000000 9362.000000 
9163.000000 9326.000000 
9189.000000 9303.000000 
9197.000000 9293.000000 
9198.000000 9286.000000 
9217.000000 9274.000000 
9233.000000 9269.000000 
9241.000000 9268.000000 
9254.000000 9240.000000 
9253.000000 9254.000000 
9328.000000 9157.000000 
9292.000000 9227.000000 
9370.000000 9116.000000 
9339.000000 9148.000000 
9346.000000 9135.000000 
9429.000000 9030.000000 
9393.000000 9097.000000 
9409.000000 9080.000000 
9701.000000 8518.000000 
9717.000000 8489.000000 
9713.000000 8513.000000 
9725.000000 8444.000000 
9697.000000 8542.000000 
9784.000000 8289.000000 
9789.000000 8284.000000 
9805.000000 8177.000000 
9801.000000 8261.000000 
9815.000000 8102.000000 
9825.000000 8086.000000 
9823.000000 8096.000000 
9812.000000 8148.000000 
9838.000000 8015.000000 
9842.000000 7948.000000 
9828.000000 8028.000000 
9745.000000 8391.000000 
9737.000000 8404.000000 
7655.000000 10011.000000 
7897.000000 9997.000000 
7926.000000 9993.000000 
7870.000000 10009.000000 
9124.000000 9389.000000 
9420.000000 9037.000000 
9352.000000 9130.000000 
9341.000000 9137.000000 
9295.000000 9219.000000 
9319.000000 9189.000000 
9315.000000 9211.000000 
9536.000000 8887.000000 
9515.000000 8932.000000 
9468.000000 9005.000000 
9502.000000 8954.000000 
9487.000000 8987.000000 
9478.000000 8998.000000 
9461.000000 9023.000000 
9494.000000 8969.000000 
9827.000000 8045.000000 
9472.000000 9001.000000 
9457.000000 9029.000000 
9465.000000 9010.000000 
9516.000000 8906.000000 
9548.000000 8829.000000 
9567.000000 8785.000000 
9545.000000 8844.000000 
9563.000000 8810.000000 
9601.000000 8784.000000 
9604.000000 8732.000000 
9618.000000 8720.000000 
9626.000000 8675.000000 
9677.000000 8584.000000 
9651.000000 8651.000000 
9665.000000 8592.000000 
9648.000000 8656.000000 
9654.000000 8622.000000 
9661.000000 8615.000000 
9662.000000 8605.000000 
9678.000000 8552.000000 
9718.000000 8452.000000 
9747.000000 8314.000000 
9732.000000 8429.000000 

7468.000000 10019.000000 
7610.000000 10012.000000 
7509.000000 10016.000000 
7640.000000 10009.000000 
7939.000000 10000.000000 
8004.000000 9992.000000 
8009.000000 9977.000000 
8042.000000 9969.000000 
8099.000000 9960.000000 
8065.000000 9963.000000 
8106.000000 9949.000000 
8140.000000 9928.000000 
8157.000000 9920.000000 
8233.000000 9917.000000 
8264.000000 9900.000000 
8243.000000 9901.000000 
8318.000000 9891.000000 
8347.000000 9886.000000 
8386.000000 9869.000000 
8379.000000 9870.000000 
8353.000000 9873.000000 
8407.000000 9859.000000 
8401.000000 9868.000000 
8425.000000 9857.000000 
8464.000000 9828.000000 
8510.000000 9811.000000 
8551.000000 9790.000000 
8514.000000 9799.000000 
8791.000000 9650.000000 
8764.000000 9682.000000 
8775.000000 9665.000000 
8790.000000 9653.000000 
8808.000000 9636.000000 
8812.000000 9626.000000 
8992.000000 9515.000000 
9006.000000 9511.000000 
9024.000000 9492.000000 
9052.000000 9458.000000 
9046.000000 9480.000000 
9058.000000 9455.000000 
9130.000000 9405.000000 
9087.000000 9435.000000 
9125.000000 9417.000000 
9156.000000 9387.000000 
9163.000000 9361.000000 
9138.000000 9390.000000 
9173.000000 9348.000000 
9164.000000 9359.000000 
9160.000000 9370.000000 
9211.000000 9321.000000 
9239.000000 9290.000000 
9209.000000 9342.000000 
9243.000000 9286.000000 
9252.000000 9278.000000 
9273.000000 9274.000000 
9306.000000 9217.000000 
9299.000000 9220.000000 
9278.000000 9254.000000 
9286.000000 9242.000000 
9379.000000 9116.000000 
9367.000000 9141.000000 
9364.000000 9160.000000 
9377.000000 9128.000000 
9393.000000 9099.000000 
9398.000000 9087.000000 
9409.000000 9048.000000 
9427.000000 9030.000000 
9402.000000 9071.000000 
9455.000000 8983.000000 
9445.000000 9027.000000 
9451.000000 8999.000000 
9488.000000 8938.000000 
9472.000000 8973.000000 
9464.000000 8982.000000 
9477.000000 8960.000000 
9570.000000 8781.000000 
9543.000000 8824.000000 
9581.000000 8773.000000 
9584.000000 8750.000000 
9585.000000 8748.000000 
9773.000000 8199.000000 
9768.000000 8213.000000 
8631.000000 9772.000000 
8606.000000 9780.000000 
8637.000000 9761.000000 
8599.000000 9782.000000 
8633.000000 9770.000000 
8709.000000 9730.000000 
8667.000000 9751.000000 
8684.000000 9732.000000 
8749.000000 9706.000000 
8760.000000 9685.000000 
8765.000000 9679.000000 
8829.000000 9618.000000 
8838.000000 9598.000000 
8897.000000 9592.000000 
8928.000000 9574.000000 
8945.000000 9557.000000 
8947.000000 9548.000000 
8952.000000 9535.000000 
8930.000000 9572.000000 
8983.000000 9523.000000 
8957.000000 9533.000000 
8974.000000 9530.000000 
9083.000000 9447.000000 
9113.000000 9419.000000 
9105.000000 9432.000000 
9315.000000 9184.000000 
9307.000000 9185.000000 
9229.000000 9292.000000 
9287.000000 9228.000000 
9323.000000 9163.000000 
9316.000000 9169.000000 
9327.000000 9161.000000 
9510.000000 8856.000000 
9546.000000 8823.000000 
9515.000000 8853.000000 
9508.000000 8898.000000 
9521.000000 8850.000000 
9533.000000 8845.000000 
9551.000000 8821.000000 
9555.000000 8812.000000 
9561.000000 8782.000000 
9591.000000 8729.000000 
9589.000000 8731.000000 
9587.000000 8738.000000 
9606.000000 8723.000000 
9626.000000 8658.000000 
9619.000000 8691.000000 
9624.000000 8670.000000 
9647.000000 8634.000000 
9662.000000 8573.000000 
9669.000000 8563.000000 
9659.000000 8595.000000 
9665.000000 8564.000000 
9682.000000 8509.000000 
9702.000000 8485.000000 
9680.000000 8514.000000 
9678.000000 8533.000000 
9711.000000 8478.000000 
9698.000000 8500.000000 
9721.000000 8408.000000 
9715.000000 8421.000000 
9712.000000 8462.000000 
9714.000000 8453.000000 
9741.000000 8395.000000 
9730.000000 8398.000000 
9748.000000 8301.000000 
9754.000000 8281.000000 
9749.000000 8285.000000 
9743.000000 8366.000000 
9770.000000 8206.000000 
9762.000000 8265.000000 
9776.000000 8189.000000 
9806.000000 8103.000000 
9808.000000 8095.000000 
9797.000000 8150.000000 

7590.000000 10004.000000 
7582.000000 10007.000000 
7579.000000 10012.000000 
7539.000000 10018.000000 
7673.000000 9998.000000 
7667.000000 9999.000000 
7794.000000 9996.000000 
7831.000000 9987.000000 
7879.000000 9964.000000 
7849.000000 9980.000000 
7911.000000 9949.000000 
7895.000000 9958.000000 
7890.000000 9961.000000 
8005.000000 9941.000000 
8083.000000 9935.000000 
8158.000000 9913.000000 
8152.000000 9915.000000 
8159.000000 9910.000000 
8254.000000 9906.000000 
8247.000000 9908.000000 
8297.000000 9899.000000 
8270.000000 9901.000000 
8408.000000 9869.000000 
8360.000000 9895.000000 
8364.000000 9885.000000 
8399.000000 9883.000000 
8344.000000 9896.000000 
8443.000000 9863.000000 
8455.000000 9845.000000 
8447.000000 9846.000000 
8473.000000 9829.000000 
8460.000000 9840.000000 
8557.000000 9797.000000 
8530.000000 9824.000000 
8547.000000 9805.000000 
8560.000000 9795.000000 
8579.000000 9781.000000 
8562.000000 9790.000000 
8635.000000 9767.000000 
8577.000000 9784.000000 
8583.000000 9774.000000 
8626.000000 9768.000000 
8739.000000 9695.000000 
8714.000000 9699.000000 
8695.000000 9733.000000 
8702.000000 9713.000000 
8783.000000 9673.000000 
8816.000000 9651.000000 
8800.000000 9660.000000 
8876.000000 9595.000000 
8861.000000 9609.000000 
8850.000000 9624.000000 
8899.000000 9592.000000 
8951.000000 9557.000000 
8978.000000 9540.000000 
8950.000000 9574.000000 
8998.000000 9514.000000 
8984.000000 9539.000000 
8971.000000 9550.000000 
8986.000000 9522.000000 
9018.000000 9478.000000 
9040.000000 9464.000000 
9052.000000 9444.000000 
9066.000000 9438.000000 
9119.000000 9382.000000 
9132.000000 9370.000000 
9141.000000 9362.000000 
9146.000000 9353.000000 
9169.000000 9329.000000 
9166.000000 9344.000000 
9207.000000 9311.000000 
9191.000000 9328.000000 
9198.000000 9322.000000 
9240.000000 9257.000000 
9217.000000 9298.000000 
9226.000000 9273.000000 
9234.000000 9258.000000 
9242.000000 9245.000000 
9230.000000 9270.000000 
9297.000000 9214.000000 
9264.000000 9218.000000 
9258.000000 9231.000000 
9317.000000 9181.000000 
9326.000000 9175.000000 
9342.000000 9150.000000 
9328.000000 9166.000000 
9338.000000 9153.000000 
9369.000000 9131.000000 
9378.000000 9100.000000 
9375.000000 9101.000000 
9384.000000 9092.000000 
9434.000000 9045.000000 
9436.000000 9032.000000 
9482.000000 9016.000000 
9428.000000 9082.000000 
9485.000000 8995.000000 
9496.000000 8956.000000 
9501.000000 8946.000000 
9522.000000 8941.000000 
9506.000000 8943.000000 
9525.000000 8920.000000 
9526.000000 8888.000000 
9641.000000 8696.000000 
9654.000000 8655.000000 
9637.000000 8708.000000 
9640.000000 8699.000000 
9671.000000 8608.000000 
9650.000000 8686.000000 
9665.000000 8641.000000 
9683.000000 8587.000000 
9707.000000 8514.000000 
9716.000000 8491.000000 
9725.000000 8420.000000 
9720.000000 8473.000000 
9710.000000 8499.000000 
9749.000000 8320.000000 
9760.000000 8302.000000 
9747.000000 8398.000000 
9763.000000 8297.000000 
9784.000000 8139.000000 
9786.000000 8132.000000 
9798.000000 8011.000000 
9799.000000 7961.000000 
9795.000000 8042.000000 
9794.000000 8086.000000 
9796.000000 8021.000000 
9810.000000 7941.000000 
9112.000000 9402.000000 
9022.000000 9472.000000 
8929.000000 9579.000000 
9111.000000 9417.000000 
9094.000000 9430.000000 
9629.000000 8729.000000 
9598.000000 8785.000000 
9557.000000 8867.000000 
9561.000000 8857.000000 
9590.000000 8811.000000 
9586.000000 8826.000000 
9589.000000 8819.000000 
9552.000000 8868.000000 
9579.000000 8843.000000 
9602.000000 8779.000000 
9626.000000 8740.000000 
9593.000000 8794.000000 
9623.000000 8744.000000 
9620.000000 8778.000000 
9628.000000 8737.000000 
9631.000000 8721.000000 
9668.000000 8611.000000 
9622.000000 8748.000000 
9659.000000 8645.000000 
9695.000000 8565.000000 
9699.000000 8536.000000 
9698.000000 8544.000000 
9767.000000 8196.000000 
9700.000000 8530.000000 

7688.000000 10002.000000 
7880.000000 9992.000000 
8042.000000 9973.000000 
8032.000000 9981.000000 
8058.000000 9970.000000 
8062.000000 9961.000000 
8063.000000 9958.000000 
8150.000000 9948.000000 
8080.000000 9957.000000 
8203.000000 9908.000000 
8200.000000 9913.000000 
8166.000000 9925.000000 
8215.000000 9905.000000 
8268.000000 9883.000000 
8258.000000 9902.000000 
8330.000000 9871.000000 
8300.000000 9877.000000 
8408.000000 9868.000000 
8414.000000 9860.000000 
8452.000000 9856.000000 
8524.000000 9842.000000 
8531.000000 9828.000000 
8533.000000 9817.000000 
8540.000000 9810.000000 
8612.000000 9742.000000 
8572.000000 9770.000000 
8542.000000 9789.000000 
8579.000000 9747.000000 
8735.000000 9680.000000 
8727.000000 9695.000000 
8773.000000 9649.000000 
8742.000000 9657.000000 
8891.000000 9571.000000 
8862.000000 9588.000000 
8938.000000 9544.000000 
8920.000000 9563.000000 
8935.000000 9546.000000 
8958.000000 9538.000000 
8932.000000 9549.000000 
8954.000000 9543.000000 
8972.000000 9528.000000 
8978.000000 9523.000000 
8980.000000 9517.000000 
8996.000000 9508.000000 
8998.000000 9500.000000 
9008.000000 9487.000000 
9056.000000 9451.000000 
9033.000000 9465.000000 
9024.000000 9476.000000 
9036.000000 9460.000000 
9094.000000 9376.000000 
9090.000000 9395.000000 
9115.000000 9360.000000 
9133.000000 9332.000000 
9117.000000 9341.000000 
9107.000000 9364.000000 
9126.000000 9336.000000 
9190.000000 9300.000000 
9154.000000 9321.000000 
9171.000000 9304.000000 
9230.000000 9283.000000 
9246.000000 9251.000000 
9259.000000 9236.000000 
9298.000000 9211.000000 
9278.000000 9227.000000 
9283.000000 9214.000000 
9317.000000 9185.000000 
9375.000000 9120.000000 
9352.000000 9155.000000 
9380.000000 9109.000000 
9396.000000 9074.000000 
9394.000000 9103.000000 
9410.000000 9040.000000 
9402.000000 9052.000000 
9409.000000 9050.000000 
9460.000000 8977.000000 
9443.000000 9007.000000 
9456.000000 8983.000000 
9491.000000 8957.000000 
9656.000000 8659.000000 
9712.000000 8452.000000 
9699.000000 8510.000000 
9751.000000 8355.000000 
9748.000000 8378.000000 
9732.000000 8407.000000 
9734.000000 8385.000000 
9756.000000 8320.000000 
9729.000000 8412.000000 
9767.000000 8228.000000 
9774.000000 8187.000000 
9778.000000 8179.000000 
9766.000000 8235.000000 
9770.000000 8209.000000 
9764.000000 8272.000000 
9437.000000 9008.000000 
9423.000000 9014.000000 
9411.000000 9032.000000 
9422.000000 9024.000000 
9535.000000 8912.000000 
9560.000000 8895.000000 
9521.000000 8931.000000 
9531.000000 8918.000000 
9564.000000 8860.000000 
9544.000000 8904.000000 
9570.000000 8842.000000 
9588.000000 8804.000000 
9754.000000 8322.000000 
9759.000000 8300.000000 
9575.000000 8806.000000 
9620.000000 8752.000000 
9617.000000 8781.000000 
9641.000000 8683.000000 
9639.000000 8724.000000 
9661.000000 8617.000000 
9679.000000 8572.000000 
9675.000000 8600.000000 
9682.000000 8552.000000 
9687.000000 8545.000000 
9694.000000 8514.000000 
9690.000000 8538.000000 
9760.000000 8280.000000 
9710.000000 8474.000000 
9753.000000 8328.000000 
9779.000000 8134.000000 
9786.000000 8089.000000 
9785.000000 8119.000000 
9790.000000 8027.000000 
9784.000000 8123.000000 
9789.000000 8060.000000 
9796.000000 7997.000000 

7347.000000 10021.000000 
7392.000000 10010.000000 
7389.000000 10014.000000 
7402.000000 10006.000000 
7729.000000 10005.000000 
7806.000000 10004.000000 
7976.000000 9986.000000 
8229.000000 9888.000000 
8173.000000 9900.000000 
8266.000000 9881.000000 
8279.000000 9878.000000 
9041.000000 9476.000000 
9087.000000 9437.000000 
9065.000000 9460.000000 
9099.000000 9416.000000 
9117.000000 9397.000000 
9127.000000 9384.000000 
9151.000000 9341.000000 
9142.000000 9359.000000 
9167.000000 9316.000000 
9192.000000 9311.000000 
9208.000000 9268.000000 
9205.000000 9297.000000 
9206.000000 9283.000000 
9207.000000 9275.000000 
9233.000000 9259.000000 
9247.000000 9246.000000 
9302.000000 9193.000000 
9242.000000 9251.000000 
9305.000000 9172.000000 
9362.000000 9132.000000 
9356.000000 9136.000000 
9352.000000 9155.000000 
9368.000000 9126.000000 
9386.000000 9119.000000 
9409.000000 9095.000000 
9396.000000 9106.000000 
9436.000000 9094.000000 
9444.000000 9005.000000 
9438.000000 9044.000000 
9448.000000 8998.000000 
9442.000000 9028.000000 
9473.000000 8970.000000 
9468.000000 8994.000000 
9475.000000 8937.000000 
9477.000000 8926.000000 
9484.000000 8912.000000 
9512.000000 8870.000000 
9542.000000 8837.000000 
9563.000000 8777.000000 
9562.000000 8793.000000 
9587.000000 8746.000000 
9590.000000 8695.000000 
9608.000000 8682.000000 
9602.000000 8692.000000 
9611.000000 8666.000000 
9646.000000 8616.000000 
7894.000000 9993.000000 
7871.000000 9995.000000 
7897.000000 9990.000000 
7856.000000 10002.000000 
7943.000000 9988.000000 
7889.000000 9994.000000 
8043.000000 9971.000000 
8050.000000 9963.000000 
8012.000000 9983.000000 
8013.000000 9975.000000 
8076.000000 9961.000000 
8077.000000 9953.000000 
8153.000000 9932.000000 
8114.000000 9933.000000 
8105.000000 9940.000000 
8197.000000 9895.000000 
8186.000000 9897.000000 
8168.000000 9918.000000 
8288.000000 9877.000000 
8358.000000 9863.000000 
8405.000000 9847.000000 
8391.000000 9851.000000 
8382.000000 9852.000000 
8481.000000 9827.000000 
8476.000000 9843.000000 
8566.000000 9796.000000 
8543.000000 9824.000000 
8581.000000 9784.000000 
8608.000000 9771.000000 
8623.000000 9766.000000 
8696.000000 9732.000000 
8674.000000 9746.000000 
8727.000000 9727.000000 
8807.000000 9670.000000 
8776.000000 9691.000000 
8795.000000 9673.000000 
8793.000000 9680.000000 
8794.000000 9676.000000 
8865.000000 9655.000000 
8838.000000 9657.000000 
8872.000000 9636.000000 
8814.000000 9668.000000 
8883.000000 9628.000000 
8910.000000 9594.000000 
8894.000000 9621.000000 
8913.000000 9591.000000 
8908.000000 9595.000000 
8899.000000 9599.000000 
8965.000000 9546.000000 
8949.000000 9572.000000 
8944.000000 9578.000000 
8978.000000 9532.000000 
8976.000000 9539.000000 
9010.000000 9514.000000 
9024.000000 9498.000000 
8997.000000 9529.000000 
9061.000000 9468.000000 
9072.000000 9449.000000 
9139.000000 9370.000000 
9273.000000 9218.000000 
9218.000000 9266.000000 
9261.000000 9234.000000 
9313.000000 9162.000000 
9501.000000 8888.000000 
9549.000000 8798.000000 
9627.000000 8631.000000 
9623.000000 8641.000000 
9632.000000 8630.000000 
9660.000000 8599.000000 
9654.000000 8614.000000 
9664.000000 8591.000000 
9682.000000 8583.000000 
9686.000000 8530.000000 
9695.000000 8493.000000 
9696.000000 8460.000000 
9714.000000 8368.000000 
9703.000000 8411.000000 
9725.000000 8339.000000 
9728.000000 8335.000000 
9755.000000 8277.000000 
9748.000000 8298.000000 
9756.000000 8256.000000 
9766.000000 8210.000000 
9779.000000 8083.000000 
9792.000000 8065.000000 
9778.000000 8115.000000 
9776.000000 8192.000000 

7534.000000 10030.000000 
7632.000000 10016.000000 
7771.000000 9988.000000 
7753.000000 10007.000000 
7785.000000 9986.000000 
7762.000000 9989.000000 
7818.000000 9985.000000 
7885.000000 9980.000000 
8670.000000 9751.000000 
9190.000000 9331.000000 
9237.000000 9268.000000 
9272.000000 9236.000000 
9262.000000 9249.000000 
9287.000000 9232.000000 
9308.000000 9189.000000 
9422.000000 9049.000000 
9427.000000 9027.000000 
9431.000000 8994.000000 
9453.000000 8985.000000 
9400.000000 9068.000000 
9656.000000 8553.000000 
9687.000000 8447.000000 
9645.000000 8587.000000 
9696.000000 8394.000000 
9719.000000 8334.000000 
9729.000000 8275.000000 
9779.000000 8099.000000 
9782.000000 8082.000000 
9802.000000 8053.000000 
9790.000000 8063.000000 
7674.000000 10013.000000 
7627.000000 10018.000000 
7599.000000 10026.000000 
8050.000000 9952.000000 
8029.000000 9954.000000 
8102.000000 9950.000000 
8153.000000 9946.000000 
8167.000000 9940.000000 
8169.000000 9922.000000 
8192.000000 9919.000000 
8274.000000 9915.000000 
8337.000000 9877.000000 
8314.000000 9893.000000 
8380.000000 9872.000000 
8391.000000 9861.000000 
8432.000000 9846.000000 
8405.000000 9849.000000 
8393.000000 9852.000000 
8531.000000 9795.000000 
8504.000000 9817.000000 
8502.000000 9830.000000 
8509.000000 9796.000000 
8534.000000 9788.000000 
8586.000000 9767.000000 
8558.000000 9778.000000 
8627.000000 9758.000000 
8724.000000 9713.000000 
8731.000000 9705.000000 
8706.000000 9744.000000 
8763.000000 9703.000000 
8800.000000 9674.000000 
8784.000000 9676.000000 
8847.000000 9642.000000 
8838.000000 9643.000000 
8890.000000 9589.000000 
8900.000000 9566.000000 
8895.000000 9582.000000 
8853.000000 9635.000000 
8866.000000 9621.000000 
8894.000000 9583.000000 
8889.000000 9613.000000 
8938.000000 9562.000000 
8988.000000 9528.000000 
8974.000000 9531.000000 
8990.000000 9523.000000 
8971.000000 9549.000000 
8979.000000 9529.000000 
9039.000000 9503.000000 
9051.000000 9458.000000 
9084.000000 9451.000000 
9062.000000 9452.000000 
9100.000000 9439.000000 
9145.000000 9399.000000 
9101.000000 9422.000000 
9173.000000 9357.000000 
9219.000000 9298.000000 
9192.000000 9320.000000 
9210.000000 9309.000000 
9226.000000 9274.000000 
9135.000000 9421.000000 
9150.000000 9374.000000 
9256.000000 9259.000000 
9290.000000 9216.000000 
9303.000000 9195.000000 
9296.000000 9215.000000 
9301.000000 9197.000000 
9298.000000 9204.000000 
9366.000000 9096.000000 
9345.000000 9184.000000 
9356.000000 9155.000000 
9363.000000 9131.000000 
9385.000000 9076.000000 
9390.000000 9074.000000 
9383.000000 9088.000000 
9417.000000 9054.000000 
9454.000000 8981.000000 
9464.000000 8968.000000 
9486.000000 8962.000000 
9487.000000 8902.000000 
9503.000000 8886.000000 
9520.000000 8876.000000 
9527.000000 8835.000000 
9563.000000 8804.000000 
9547.000000 8833.000000 
9567.000000 8782.000000 
9582.000000 8754.000000 
9596.000000 8721.000000 
9598.000000 8696.000000 
9619.000000 8683.000000 
9607.000000 8692.000000 
9629.000000 8627.000000 
9649.000000 8560.000000 
9660.000000 8552.000000 
9647.000000 8574.000000 
9631.000000 8622.000000 
9641.000000 8610.000000 
9676.000000 8524.000000 
9679.000000 8506.000000 
9689.000000 8410.000000 
9693.000000 8398.000000 
9690.000000 8404.000000 
9709.000000 8377.000000 
9710.000000 8338.000000 
9705.000000 8378.000000 
9725.000000 8289.000000 
9776.000000 8163.000000 
9770.000000 8259.000000 

7673.000000 9996.000000 
8369.000000 9846.000000 
8357.000000 9879.000000 
8654.000000 9737.000000 
8666.000000 9723.000000 
8683.000000 9721.000000 
8782.000000 9652.000000 
8999.000000 9533.000000 
9025.000000 9496.000000 
9047.000000 9483.000000 
9033.000000 9487.000000 
9073.000000 9448.000000 
9068.000000 9464.000000 
9082.000000 9441.000000 
9079.000000 9443.000000 
9085.000000 9434.000000 
9115.000000 9433.000000 
9146.000000 9410.000000 
9147.000000 9405.000000 
9158.000000 9385.000000 
9134.000000 9429.000000 
9173.000000 9363.000000 
9220.000000 9332.000000 
9156.000000 9397.000000 
9175.000000 9356.000000 
9214.000000 9333.000000 
9213.000000 9338.000000 
9246.000000 9292.000000 
9238.000000 9323.000000 
9253.000000 9284.000000 
9245.000000 9308.000000 
9247.000000 9285.000000 
9280.000000 9257.000000 
9279.000000 9274.000000 
9254.000000 9275.000000 
9299.000000 9229.000000 
9334.000000 9199.000000 
9338.000000 9179.000000 
9315.000000 9224.000000 
9355.000000 9173.000000 
9327.000000 9204.000000 
9418.000000 9047.000000 
9394.000000 9103.000000 
9421.000000 9044.000000 
9431.000000 9005.000000 
9430.000000 9037.000000 
9440.000000 8992.000000 
9517.000000 8944.000000 
9535.000000 8904.000000 
9595.000000 8773.000000 
9590.000000 8851.000000 
9687.000000 8531.000000 
9722.000000 8412.000000 
9702.000000 8413.000000 
9783.000000 8163.000000 
9743.000000 8285.000000 
9785.000000 8121.000000 
9794.000000 8074.000000 
9803.000000 8046.000000 
9773.000000 8258.000000 
9399.000000 9060.000000 
7776.000000 9980.000000 
7847.000000 9978.000000 
7967.000000 9972.000000 
8597.000000 9788.000000 
8516.000000 9828.000000 
8507.000000 9844.000000 
8567.000000 9827.000000 
8060.000000 9969.000000 
8121.000000 9964.000000 
8229.000000 9947.000000 
8181.000000 9950.000000 
8307.000000 9919.000000 
8325.000000 9889.000000 
8632.000000 9770.000000 
8634.000000 9748.000000 
8659.000000 9731.000000 
8637.000000 9740.000000 
8647.000000 9739.000000 
8748.000000 9693.000000 
8734.000000 9697.000000 
8761.000000 9681.000000 
8728.000000 9715.000000 
8778.000000 9659.000000 
8770.000000 9664.000000 
8876.000000 9649.000000 
8881.000000 9617.000000 
8893.000000 9606.000000 
8897.000000 9594.000000 
8951.000000 9582.000000 
8921.000000 9593.000000 
8955.000000 9575.000000 
8960.000000 9565.000000 
8975.000000 9555.000000 
8982.000000 9549.000000 
9000.000000 9530.000000 
9020.000000 9520.000000 
9052.000000 9479.000000 
9054.000000 9473.000000 
8998.000000 9543.000000 
9469.000000 8987.000000 
9562.000000 8876.000000 
9474.000000 8974.000000 
9481.000000 8970.000000 
9504.000000 8966.000000 
9545.000000 8886.000000 
9547.000000 8885.000000 
9550.000000 8882.000000 
9615.000000 8726.000000 
9640.000000 8653.000000 
9641.000000 8639.000000 
9656.000000 8584.000000 
9665.000000 8583.000000 
9642.000000 8631.000000 
9649.000000 8621.000000 
9651.000000 8620.000000 
9654.000000 8589.000000 
9666.000000 8570.000000 
9671.000000 8557.000000 
9678.000000 8540.000000 
9700.000000 8455.000000 
9690.000000 8468.000000 
9668.000000 8564.000000 
9723.000000 8400.000000 
9754.000000 8267.000000 
9732.000000 8381.000000 
9741.000000 8343.000000 

7448.000000 9989.000000 
7430.000000 10039.000000 
7362.000000 10048.000000 
7755.000000 9979.000000 
7894.000000 9953.000000 
7936.000000 9930.000000 
8240.000000 9912.000000 
8260.000000 9911.000000 
8281.000000 9903.000000 
8336.000000 9893.000000 
8354.000000 9884.000000 
8399.000000 9867.000000 
8438.000000 9861.000000 
8381.000000 9883.000000 
8382.000000 9871.000000 
8440.000000 9850.000000 
8480.000000 9827.000000 
8457.000000 9834.000000 
8689.000000 9681.000000 
8755.000000 9677.000000 
8797.000000 9644.000000 
8792.000000 9665.000000 
8838.000000 9630.000000 
8806.000000 9643.000000 
8808.000000 9642.000000 
8949.000000 9558.000000 
8930.000000 9587.000000 
8936.000000 9583.000000 
8973.000000 9538.000000 
8955.000000 9557.000000 
8986.000000 9513.000000 
8962.000000 9550.000000 
8985.000000 9516.000000 
8982.000000 9521.000000 
9010.000000 9506.000000 
9021.000000 9468.000000 
9014.000000 9477.000000 
9026.000000 9460.000000 
9093.000000 9408.000000 
9132.000000 9353.000000 
9090.000000 9416.000000 
9118.000000 9380.000000 
9208.000000 9303.000000 
9270.000000 9235.000000 
9269.000000 9260.000000 
9276.000000 9228.000000 
9253.000000 9286.000000 
9277.000000 9227.000000 
9335.000000 9122.000000 
9329.000000 9130.000000 
9300.000000 9171.000000 
9317.000000 9148.000000 
9321.000000 9143.000000 
9354.000000 9119.000000 
9368.000000 9064.000000 
9399.000000 9062.000000 
9551.000000 8890.000000 
9615.000000 8755.000000 
9640.000000 8631.000000 
9628.000000 8714.000000 
9637.000000 8690.000000 
9658.000000 8627.000000 
9686.000000 8495.000000 
9687.000000 8481.000000 
9688.000000 8449.000000 
9698.000000 8441.000000 
9771.000000 8212.000000 
9769.000000 8225.000000 
7776.000000 9955.000000 
8002.000000 9925.000000 
7908.000000 9946.000000 
8079.000000 9920.000000 
8041.000000 9924.000000 
8558.000000 9807.000000 
8607.000000 9792.000000 
8561.000000 9803.000000 
8602.000000 9796.000000 
8569.000000 9800.000000 
8619.000000 9771.000000 
9534.000000 8929.000000 
9541.000000 8903.000000 
9507.000000 8983.000000 
9494.000000 9005.000000 
9502.000000 8986.000000 
9474.000000 9006.000000 
9452.000000 9024.000000 
9450.000000 9033.000000 
9449.000000 9036.000000 
9446.000000 9056.000000 
9464.000000 9021.000000 
9540.000000 8907.000000 
9543.000000 8899.000000 
9577.000000 8848.000000 
9610.000000 8797.000000 
9574.000000 8852.000000 
9595.000000 8845.000000 
9573.000000 8876.000000 
9616.000000 8715.000000 
9676.000000 8549.000000 
9661.000000 8593.000000 
9737.000000 8409.000000 
9731.000000 8426.000000 
9762.000000 8348.000000 
9766.000000 8273.000000 
9740.000000 8371.000000 
9785.000000 8188.000000 
9796.000000 8128.000000 
9789.000000 8139.000000 

7463.000000 10017.000000 
7479.000000 10014.000000 
7642.000000 10003.000000 
7557.000000 10013.000000 
7614.000000 10009.000000 
7657.000000 10001.000000 
7863.000000 9987.000000 
7814.000000 9993.000000 
7906.000000 9977.000000 
7959.000000 9955.000000 
7973.000000 9951.000000 
8055.000000 9939.000000 
7936.000000 9968.000000 
8053.000000 9946.000000 
8066.000000 9927.000000 
8118.000000 9918.000000 
8098.000000 9923.000000 
8138.000000 9914.000000 
8197.000000 9898.000000 
8170.000000 9908.000000 
8180.000000 9907.000000 
8211.000000 9894.000000 
8597.000000 9779.000000 
9017.000000 9520.000000 
9096.000000 9446.000000 
9073.000000 9457.000000 
9070.000000 9478.000000 
9117.000000 9429.000000 
9120.000000 9424.000000 
9138.000000 9392.000000 
9128.000000 9406.000000 
9165.000000 9381.000000 
9257.000000 9249.000000 
9329.000000 9159.000000 
9409.000000 9029.000000 
9436.000000 9020.000000 
9468.000000 8945.000000 
9452.000000 8993.000000 
9458.000000 8949.000000 
9501.000000 8942.000000 
9531.000000 8878.000000 
9543.000000 8830.000000 
9553.000000 8792.000000 
9562.000000 8781.000000 
9605.000000 8729.000000 
9596.000000 8758.000000 
9591.000000 8765.000000 
9602.000000 8740.000000 
9606.000000 8720.000000 
9607.000000 8714.000000 
9631.000000 8687.000000 
9617.000000 8708.000000 
9619.000000 8697.000000 
9627.000000 8688.000000 
9647.000000 8644.000000 
9643.000000 8670.000000 
9655.000000 8622.000000 
9666.000000 8570.000000 
9674.000000 8559.000000 
9696.000000 8513.000000 
9687.000000 8524.000000 
9697.000000 8481.000000 
9704.000000 8408.000000 
9718.000000 8404.000000 
9733.000000 8385.000000 
9775.000000 8257.000000 
9752.000000 8376.000000 
9785.000000 8198.000000 
9765.000000 8294.000000 
9781.000000 8239.000000 
9810.000000 8121.000000 
9792.000000 8164.000000 
9820.000000 8025.000000 
9819.000000 8079.000000 
8289.000000 9885.000000 
8277.000000 9891.000000 
8303.000000 9878.000000 
8309.000000 9875.000000 
8394.000000 9856.000000 
8381.000000 9872.000000 
8491.000000 9852.000000 
8502.000000 9830.000000 
8522.000000 9829.000000 
8533.000000 9807.000000 
8587.000000 9798.000000 
8526.000000 9813.000000 
8557.000000 9803.000000 
8528.000000 9809.000000 
8610.000000 9773.000000 
8635.000000 9771.000000 
8662.000000 9755.000000 
8696.000000 9746.000000 
8678.000000 9748.000000 
8706.000000 9733.000000 
8699.000000 9734.000000 
8714.000000 9725.000000 
8711.000000 9727.000000 
8747.000000 9704.000000 
8769.000000 9693.000000 
8728.000000 9723.000000 
8722.000000 9724.000000 
8738.000000 9710.000000 
8772.000000 9686.000000 
8792.000000 9661.000000 
8783.000000 9671.000000 
8820.000000 9646.000000 
8834.000000 9642.000000 
8812.000000 9656.000000 
8858.000000 9615.000000 
8846.000000 9635.000000 
8891.000000 9601.000000 
8903.000000 9585.000000 
8885.000000 9610.000000 
8973.000000 9553.000000 
8906.000000 9574.000000 
8927.000000 9567.000000 
8901.000000 9587.000000 
9013.000000 9529.000000 
9068.000000 9484.000000 
9030.000000 9513.000000 
9053.000000 9510.000000 
9105.000000 9436.000000 
9078.000000 9453.000000 
9136.000000 9394.000000 
9222.000000 9308.000000 
9206.000000 9353.000000 
9220.000000 9330.000000 
9269.000000 9233.000000 
9230.000000 9300.000000 
9279.000000 9202.000000 
9297.000000 9182.000000 
9253.000000 9282.000000 
9283.000000 9186.000000 
9295.000000 9185.000000 
9299.000000 9181.000000 
9347.000000 9142.000000 
9337.000000 9155.000000 
9352.000000 9107.000000 
9367.000000 9094.000000 
9314.000000 9180.000000 
9316.000000 9166.000000 
9395.000000 9047.000000 
9282.000000 9201.000000 
9272.000000 9209.000000 
9380.000000 9074.000000 

7716.000000 10015.000000 
7753.000000 10010.000000 
7828.000000 10006.000000 
7880.000000 9997.000000 
7847.000000 10001.000000 
7861.000000 10000.000000 
7980.000000 9987.000000 
8026.000000 9969.000000 
7912.000000 9995.000000 
8045.000000 9953.000000 
8015.000000 9972.000000 
8059.000000 9947.000000 
8088.000000 9945.000000 
8027.000000 9958.000000 
8214.000000 9904.000000 
8268.000000 9882.000000 
8223.000000 9902.000000 
8298.000000 9874.000000 
8262.000000 9890.000000 
8326.000000 9871.000000 
8332.000000 9866.000000 
8392.000000 9837.000000 
8386.000000 9863.000000 
8438.000000 9810.000000 
8424.000000 9830.000000 
8442.000000 9807.000000 
8433.000000 9811.000000 
8468.000000 9806.000000 
8518.000000 9795.000000 
8505.000000 9800.000000 
8523.000000 9789.000000 
8556.000000 9788.000000 
8580.000000 9767.000000 
8629.000000 9736.000000 
8666.000000 9728.000000 
8699.000000 9716.000000 
8695.000000 9721.000000 
8767.000000 9687.000000 
8731.000000 9710.000000 
8748.000000 9697.000000 
8777.000000 9674.000000 
8742.000000 9707.000000 
8763.000000 9691.000000 
8773.000000 9676.000000 
8791.000000 9668.000000 
8819.000000 9663.000000 
8838.000000 9642.000000 
8846.000000 9629.000000 
8888.000000 9593.000000 
8865.000000 9628.000000 
8986.000000 9581.000000 
8945.000000 9591.000000 
8988.000000 9573.000000 
9009.000000 9547.000000 
9005.000000 9553.000000 
9011.000000 9532.000000 
9024.000000 9523.000000 
9027.000000 9512.000000 
9075.000000 9483.000000 
9045.000000 9503.000000 
9115.000000 9434.000000 
9119.000000 9428.000000 
9105.000000 9458.000000 
9113.000000 9446.000000 
9157.000000 9412.000000 
9120.000000 9425.000000 
9114.000000 9438.000000 
9152.000000 9419.000000 
9159.000000 9382.000000 
9164.000000 9362.000000 
9192.000000 9346.000000 
9182.000000 9352.000000 
9175.000000 9355.000000 
9196.000000 9335.000000 
9213.000000 9326.000000 
9220.000000 9310.000000 
9223.000000 9296.000000 
9210.000000 9332.000000 
9277.000000 9247.000000 
9278.000000 9245.000000 
9251.000000 9290.000000 
9255.000000 9280.000000 
9291.000000 9232.000000 
9308.000000 9214.000000 
9336.000000 9139.000000 
9324.000000 9175.000000 
9318.000000 9183.000000 
9335.000000 9145.000000 
9326.000000 9161.000000 
9369.000000 9102.000000 
9550.000000 8813.000000 
9579.000000 8770.000000 
9566.000000 8781.000000 
9658.000000 8564.000000 
9721.000000 8415.000000 
9741.000000 8295.000000 
9740.000000 8299.000000 
9733.000000 8321.000000 
9731.000000 8365.000000 
9728.000000 8404.000000 
8091.000000 9940.000000 
8142.000000 9932.000000 
8603.000000 9746.000000 
9333.000000 9156.000000 
9442.000000 9019.000000 
9338.000000 9134.000000 
9373.000000 9077.000000 
9353.000000 9118.000000 
9410.000000 9071.000000 
9458.000000 9016.000000 
9426.000000 9068.000000 
9435.000000 9048.000000 
9441.000000 9034.000000 
9462.000000 8979.000000 
9467.000000 8961.000000 
9493.000000 8902.000000 
9472.000000 8926.000000 
9482.000000 8924.000000 
9495.000000 8888.000000 
9513.000000 8866.000000 
9535.000000 8830.000000 
9534.000000 8861.000000 
9510.000000 8884.000000 
9556.000000 8798.000000 
9587.000000 8768.000000 
9553.000000 8803.000000 
9603.000000 8739.000000 
9607.000000 8713.000000 
9622.000000 8707.000000 
9641.000000 8688.000000 
9654.000000 8666.000000 
9677.000000 8549.000000 
9634.000000 8698.000000 
9678.000000 8543.000000 
9691.000000 8521.000000 
9682.000000 8527.000000 
9712.000000 8468.000000 
9693.000000 8486.000000 
9697.000000 8479.000000 
9781.000000 8220.000000 
9772.000000 8287.000000 
9783.000000 8166.000000 
9795.000000 8144.000000 
9799.000000 8069.000000 
9806.000000 8061.000000 
9817.000000 8018.000000 

7584.000000 10020.000000 
7928.000000 9967.000000 
7930.000000 9964.000000 
7951.000000 9963.000000 
8130.000000 9944.000000 
8068.000000 9962.000000 
8075.000000 9946.000000 
8140.000000 9933.000000 
8133.000000 9939.000000 
8135.000000 9935.000000 
8199.000000 9922.000000 
8225.000000 9917.000000 
8198.000000 9927.000000 
8253.000000 9905.000000 
8224.000000 9921.000000 
8234.000000 9910.000000 
8314.000000 9894.000000 
8356.000000 9878.000000 
8316.000000 9880.000000 
8396.000000 9877.000000 
8411.000000 9867.000000 
8402.000000 9869.000000 
8397.000000 9873.000000 
8475.000000 9851.000000 
8459.000000 9857.000000 
8499.000000 9815.000000 
8533.000000 9797.000000 
8519.000000 9799.000000 
8559.000000 9778.000000 
8606.000000 9768.000000 
8672.000000 9742.000000 
8635.000000 9754.000000 
8676.000000 9729.000000 
8724.000000 9712.000000 
8740.000000 9705.000000 
8729.000000 9708.000000 
8756.000000 9675.000000 
8753.000000 9683.000000 
8798.000000 9671.000000 
8830.000000 9627.000000 
8806.000000 9640.000000 
8837.000000 9620.000000 
8897.000000 9579.000000 
8893.000000 9599.000000 
8931.000000 9576.000000 
8954.000000 9550.000000 
8953.000000 9562.000000 
8966.000000 9527.000000 
8983.000000 9525.000000 
8990.000000 9522.000000 
9009.000000 9496.000000 
9032.000000 9489.000000 
8998.000000 9507.000000 
9039.000000 9456.000000 
9033.000000 9467.000000 
9088.000000 9423.000000 
9064.000000 9447.000000 
9069.000000 9425.000000 
9105.000000 9401.000000 
9142.000000 9356.000000 
9127.000000 9362.000000 
9163.000000 9326.000000 
9189.000000 9303.000000 
9197.000000 9293.000000 
9198.000000 9286.000000 
9217.000000 9274.000000 
9233.000000 9269.000000 
9241.000000 9268.000000 
9254.000000 9240.000000 
9253.000000 9254.000000 
9328.000000 9157.000000 
9292.000000 9227.000000 
9370.000000 9116.000000 
9339.000000 9148.000000 
9346.000000 9135.000000 
9429.000000 9030.000000 
9393.000000 9097.000000 
9409.000000 9080.000000 
9701.000000 8518.000000 
9717.000000 8489.000000 
9713.000000 8513.000000 
9725.000000 8444.000000 
9697.000000 8542.000000 
9784.000000 8289.000000 
9789.000000 8284.000000 
9805.000000 8177.000000 
9801.000000 8261.000000 
9815.000000 8102.000000 
9825.000000 8086.000000 
9823.000000 8096.000000 
9812.000000 8148.000000 
9838.000000 8015.000000 
9842.000000 7948.000000 
9828.000000 8028.000000 
9745.000000 8391.000000 
9737.000000 8404.000000 
7655.000000 10011.000000 
7897.000000 9997.000000 
7926.000000 9993.000000 
7870.000000 10009.000000 
9124.000000 9389.000000 
9420.000000 9037.000000 
9352.000000 9130.000000 
9341.000000 9137.000000 
9295.000000 9219.000000 
9319.000000 9189.000000 
9315.000000 9211.000000 
9536.000000 8887.000000 
9515.000000 8932.000000 
9468.000000 9005.000000 
9502.000000 8954.000000 
9487.000000 8987.000000 
9478.000000 8998.000000 
9461.000000 9023.000000 
9494.000000 8969.000000 
9827.000000 8045.000000 
9472.000000 9001.000000 
9457.000000 9029.000000 
9465.000000 9010.000000 
9516.000000 8906.000000 
9548.000000 8829.000000 
9567.000000 8785.000000 
9545.000000 8844.000000 
9563.000000 8810.000000 
9601.000000 8784.000000 
9604.000000 8732.000000 
9618.000000 8720.000000 
9626.000000 8675.000000 
9677.000000 8584.000000 
9651.000000 8651.000000 
9665.000000 8592.000000 
9648.000000 8656.000000 
9654.000000 8622.000000 
9661.000000 8615.000000 
9662.000000 8605.000000 
9678.000000 8552.000000 
9718.000000 8452.000000 
9747.000000 8314.000000 
9732.000000 8429.000000 

7468.000000 10019.000000 
7610.000000 10012.000000 
7509.000000 10016.000000 
7640.000000 10009.000000 
7939.000000 10000.000000 
8004.000000 9992.000000 
8009.000000 9977.000000 
8042.000000 9969.000000 
8099.000000 9960.000000 
8065.000000 9963.000000 
8106.000000 9949.000000 
8140.000000 9928.000000 
8157.000000 9920.000000 
8233.000000 9917.000000 
8264.000000 9900.000000 
8243.000000 9901.000000 
8318.000000 9891.000000 
8347.000000 9886.000000 
8386.000000 9869.000000 
8379.000000 9870.000000 
8353.000000 9873.000000 
8407.000000 9859.000000 
8401.000000 9868.000000 
8425.000000 9857.000000 
8464.000000 9828.000000 
8510.000000 9811.000000 
8551.000000 9790.000000 
8514.000000 9799.000000 
8791.000000 9650.000000 
8764.000000 9682.000000 
8775.000000 9665.000000 
8790.000000 9653.000000 
8808.000000 9636.000000 
8812.000000 9626.000000 
8992.000000 9515.000000 
9006.000000 9511.000000 
9024.000000 9492.000000 
9052.000000 9458.000000 
9046.000000 9480.000000 
9058.000000 9455.000000 
9130.000000 9405.000000 
9087.000000 9435.000000 
9125.000000 9417.000000 
9156.000000 9387.000000 
9163.000000 9361.000000 
9138.000000 9390.000000 
9173.000000 9348.000000 
9164.000000 9359.000000 
9160.000000 9370.000000 
9211.000000 9321.000000 
9239.000000 9290.000000 
9209.000000 9342.000000 
9243.000000 9286.000000 
9252.000000 9278.000000 
9273.000000 9274.000000 
9306.000000 9217.000000 
9299.000000 9220.000000 
9278.000000 9254.000000 
9286.000000 9242.000000 
9379.000000 9116.000000 
9367.000000 9141.000000 
9364.000000 9160.000000 
9377.000000 9128.000000 
9393.000000 9099.000000 
9398.000000 9087.000000 
9409.000000 9048.000000 
9427.000000 9030.000000 
9402.000000 9071.000000 
9455.000000 8983.000000 
9445.000000 9027.000000 
9451.000000 8999.000000 
9488.000000 8938.000000 
9472.000000 8973.000000 
9464.000000 8982.000000 
9477.000000 8960.000000 
9570.000000 8781.000000 
9543.000000 8824.000000 
9581.000000 8773.000000 
9584.000000 8750.000000 
9585.000000 8748.000000 
9773.000000 8199.000000 
9768.000000 8213.000000 
8631.000000 9772.000000 
8606.000000 9780.000000 
8637.000000 9761.000000 
8599.000000 9782.000000 
8633.000000 9770.000000 
8709.000000 9730.000000 
8667.000000 9751.000000 
8684.000000 9732.000000 
8749.000000 9706.000000 
8760.000000 9685.000000 
8765.000000 9679.000000 
8829.000000 9618.000000 
8838.000000 9598.000000 
8897.000000 9592.000000 
8928.000000 9574.000000 
8945.000000 9557.000000 
8947.000000 9548.000000 
8952.000000 9535.000000 
8930.000000 9572.000000 
8983.000000 9523.000000 
8957.000000 9533.000000 
8974.000000 9530.000000 
9083.000000 9447.000000 
9113.000000 9419.000000 
9105.000000 9432.000000 
9315.000000 9184.000000 
9307.000000 9185.000000 
9229.000000 9292.000000 
9287.000000 9228.000000 
9323.000000 9163.000000 
9316.000000 9169.000000 
9327.000000 9161.000000 
9510.000000 8856.000000 
9546.000000 8823.000000 
9515.000000 8853.000000 
9508.000000 8898.000000 
9521.000000 8850.000000 
9533.000000 8845.000000 
9551.000000 8821.000000 
9555.000000 8812.000000 
9561.000000 8782.000000 
9591.000000 8729.000000 
9589.000000 8731.000000 
9587.000000 8738.000000 
9606.000000 8723.000000 
9626.000000 8658.000000 
9619.000000 8691.000000 
9624.000000 8670.000000 
9647.000000 8634.000000 
9662.000000 8573.000000 
9669.000000 8563.000000 
9659.000000 8595.000000 
9665.000000 8564.000000 
9682.000000 8509.000000 
9702.000000 8485.000000 
9680.000000 8514.000000 
9678.000000 8533.000000 
9711.000000 8478.000000 
9698.000000 8500.000000 
9721.000000 8408.000000 
9715.000000 8421.000000 
9712.000000 8462.000000 
9714.000000 8453.000000 
9741.000000 8395.000000 
9730.000000 8398.000000 
9748.000000 8301.000000 
9754.000000 8281.000000 
9749.000000 8285.000000 
9743.000000 8366.000000 
9770.000000 8206.000000 
9762.000000 8265.000000 
9776.000000 8189.000000 
9806.000000 8103.000000 
9808.000000 8095.000000 
9797.000000 8150.000000 

7590.000000 10004.000000 
7582.000000 10007.000000 
7579.000000 10012.000000 
7539.000000 10018.000000 
7673.000000 9998.000000 
7667.000000 9999.000000 
7794.000000 9996.000000 
7831.000000 9987.000000 
7879.000000 9964.000000 
7849.000000 9980.000000 
7911.000000 9949.000000 
7895.000000 9958.000000 
7890.000000 9961.000000 
8005.000000 9941.000000 
8083.000000 9935.000000 
8158.000000 9913.000000 
8152.000000 9915.000000 
8159.000000 9910.000000 
8254.000000 9906.000000 
8247.000000 9908.000000 
8297.000000 9899.000000 
8270.000000 9901.000000 
8408.000000 9869.000000 
8360.000000 9895.000000 
8364.000000 9885.000000 
8399.000000 9883.000000 
8344.000000 9896.000000 
8443.000000 9863.000000 
8455.000000 9845.000000 
8447.000000 9846.000000 
8473.000000 9829.000000 
8460.000000 9840.000000 
8557.000000 9797.000000 
8530.000000 9824.000000 
8547.000000 9805.000000 
8560.000000 9795.000000 
8579.000000 9781.000000 
8562.000000 9790.000000 
8635.000000 9767.000000 
8577.000000 9784.000000 
8583.000000 9774.000000 
8626.000000 9768.000000 
8739.000000 9695.000000 
8714.000000 9699.000000 
8695.000000 9733.000000 
8702.000000 9713.000000 
8783.000000 9673.000000 
8816.000000 9651.000000 
8800.000000 9660.000000 
8876.000000 9595.000000 
8861.000000 9609.000000 
8850.000000 9624.000000 
8899.000000 9592.000000 
8951.000000 9557.000000 
8978.000000 9540.000000 
8950.000000 9574.000000 
8998.000000 9514.000000 
8984.000000 9539.000000 
8971.000000 9550.000000 
8986.000000 9522.000000 
9018.000000 9478.000000 
9040.000000 9464.000000 
9052.000000 9444.000000 
9066.000000 9438.000000 
9119.000000 9382.000000 
9132.000000 9370.000000 
9141.000000 9362.000000 
9146.000000 9353.000000 
9169.000000 9329.000000 
9166.000000 9344.000000 
9207.000000 9311.000000 
9191.000000 9328.000000 
9198.000000 9322.000000 
9240.000000 9257.000000 
9217.000000 9298.000000 
9226.000000 9273.000000 
9234.000000 9258.000000 
9242.000000 9245.000000 
9230.000000 9270.000000 
9297.000000 9214.000000 
9264.000000 9218.000000 
9258.000000 9231.000000 
9317.000000 9181.000000 
9326.000000 9175.000000 
9342.000000 9150.000000 
9328.000000 9166.000000 
9338.000000 9153.000000 
9369.000000 9131.000000 
9378.000000 9100.000000 
9375.000000 9101.000000 
9384.000000 9092.000000 
9434.000000 9045.000000 
9436.000000 9032.000000 
9482.000000 9016.000000 
9428.000000 9082.000000 
9485.000000 8995.000000 
9496.000000 8956.000000 
9501.000000 8946.000000 
9522.000000 8941.000000 
9506.000000 8943.000000 
9525.000000 8920.000000 
9526.000000 8888.000000 
9641.000000 8696.000000 
9654.000000 8655.000000 
9637.000000 8708.000000 
9640.000000 8699.000000 
9671.000000 8608.000000 
9650.000000 8686.000000 
9665.000000 8641.000000 
9683.000000 8587.000000 
9707.000000 8514.000000 
9716.000000 8491.000000 
9725.000000 8420.000000 
9720.000000 8473.000000 
9710.000000 8499.000000 
9749.000000 8320.000000 
9760.000000 8302.000000 
9747.000000 8398.000000 
9763.000000 8297.000000 
9784.000000 8139.000000 
9786.000000 8132.000000 
9798.000000 8011.000000 
9799.000000 7961.000000 
9795.000000 8042.000000 
9794.000000 8086.000000 
9796.000000 8021.000000 
9810.000000 7941.000000 
9112.000000 9402.000000 
9022.000000 9472.000000 
8929.000000 9579.000000 
9111.000000 9417.000000 
9094.000000 9430.000000 
9629.000000 8729.000000 
9598.000000 8785.000000 
9557.000000 8867.000000 
9561.000000 8857.000000 
9590.000000 8811.000000 
9586.000000 8826.000000 
9589.000000 8819.000000 
9552.000000 8868.000000 
9579.000000 8843.000000 
9602.000000 8779.000000 
9626.000000 8740.000000 
9593.000000 8794.000000 
9623.000000 8744.000000 
9620.000000 8778.000000 
9628.000000 8737.000000 
9631.000000 8721.000000 
9668.000000 8611.000000 
9622.000000 8748.000000 
9659.000000 8645.000000 
9695.000000 8565.000000 
9699.000000 8536.000000 
9698.000000 8544.000000 
9767.000000 8196.000000 
9700.000000 8530.000000 

7688.000000 10002.000000 
7880.000000 9992.000000 
8042.000000 9973.000000 
8032.000000 9981.000000 
8058.000000 9970.000000 
8062.000000 9961.000000 
8063.000000 9958.000000 
8150.000000 9948.000000 
8080.000000 9957.000000 
8203.000000 9908.000000 
8200.000000 9913.000000 
8166.000000 9925.000000 
8215.000000 9905.000000 
8268.000000 9883.000000 
8258.000000 9902.000000 
8330.000000 9871.000000 
8300.000000 9877.000000 
8408.000000 9868.000000 
8414.000000 9860.000000 
8452.000000 9856.000000 
8524.000000 9842.000000 
8531.000000 9828.000000 
8533.000000 9817.000000 
8540.000000 9810.000000 
8612.000000 9742.000000 
8572.000000 9770.000000 
8542.000000 9789.000000 
8579.000000 9747.000000 
8735.000000 9680.000000 
8727.000000 9695.000000 
8773.000000 9649.000000 
8742.000000 9657.000000 
8891.000000 9571.000000 
8862.000000 9588.000000 
8938.000000 9544.000000 
8920.000000 9563.000000 
8935.000000 9546.000000 
8958.000000 9538.000000 
8932.000000 9549.000000 
8954.000000 9543.000000 
8972.000000 9528.000000 
8978.000000 9523.000000 
8980.000000 9517.000000 
8996.000000 9508.000000 
8998.000000 9500.000000 
9008.000000 9487.000000 
9056.000000 9451.000000 
9033.000000 9465.000000 
9024.000000 9476.000000 
9036.000000 9460.000000 
9094.000000 9376.000000 
9090.000000 9395.000000 
9115.000000 9360.000000 
9133.000000 9332.000000 
9117.000000 9341.000000 
9107.000000 9364.000000 
9126.000000 9336.000000 
9190.000000 9300.000000 
9154.000000 9321.000000 
9171.000000 9304.000000 
9230.000000 9283.000000 
9246.000000 9251.000000 
9259.000000 9236.000000 
9298.000000 9211.000000 
9278.000000 9227.000000 
9283.000000 9214.000000 
9317.000000 9185.000000 
9375.000000 9120.000000 
9352.000000 9155.000000 
9380.000000 9109.000000 
9396.000000 9074.000000 
9394.000000 9103.000000 
9410.000000 9040.000000 
9402.000000 9052.000000 
9409.000000 9050.000000 
9460.000000 8977.000000 
9443.000000 9007.000000 
9456.000000 8983.000000 
9491.000000 8957.000000 
9656.000000 8659.000000 
9712.000000 8452.000000 
9699.000000 8510.000000 
9751.000000 8355.000000 
9748.000000 8378.000000 
9732.000000 8407.000000 
9734.000000 8385.000000 
9756.000000 8320.000000 
9729.000000 8412.000000 
9767.000000 8228.000000 
9774.000000 8187.000000 
9778.000000 8179.000000 
9766.000000 8235.000000 
9770.000000 8209.000000 
9764.000000 8272.000000 
9437.000000 9008.000000 
9423.000000 9014.000000 
9411.000000 9032.000000 
9422.000000 9024.000000 
9535.000000 8912.000000 
9560.000000 8895.000000 
9521.000000 8931.000000 
9531.000000 8918.000000 
9564.000000 8860.000000 
9544.000000 8904.000000 
9570.000000 8842.000000 
9588.000000 8804.000000 
9754.000000 8322.000000 
9759.000000 8300.000000 
9575.000000 8806.000000 
9620.000000 8752.000000 
9617.000000 8781.000000 
9641.000000 8683.000000 
9639.000000 8724.000000 
9661.000000 8617.000000 
9679.000000 8572.000000 
9675.000000 8600.000000 
9682.000000 8552.000000 
9687.000000 8545.000000 
9694.000000 8514.000000 
9690.000000 8538.000000 
9760.000000 8280.000000 
9710.000000 8474.000000 
9753.000000 8328.000000 
9779.000000 8134.000000 
9786.000000 8089.000000 
9785.000000 8119.000000 
9790.000000 8027.000000 
9784.000000 8123.000000 
9789.000000 8060.000000 
9796.000000 7997.000000 

7347.000000 10021.000000 
7392.000000 10010.000000 
7389.000000 10014.000000 
7402.000000 10006.000000 
7729.000000 10005.000000 
7806.000000 10004.000000 
7976.000000 9986.000000 
8229.000000 9888.000000 
8173.000000 9900.000000 
8266.000000 9881.000000 
8279.000000 9878.000000 
9041.000000 9476.000000 
9087.000000 9437.000000 
9065.000000 9460.000000 
9099.000000 9416.000000 
9117.000000 9397.000000 
9127.000000 9384.000000 
9151.000000 9341.000000 
9142.000000 9359.000000 
9167.000000 9316.000000 
9192.000000 9311.000000 
9208.000000 9268.000000 
9205.000000 9297.000000 
9206.000000 9283.000000 
9207.000000 9275.000000 
9233.000000 9259.000000 
9247.000000 9246.000000 
9302.000000 9193.000000 
9242.000000 9251.000000 
9305.000000 9172.000000 
9362.000000 9132.000000 
9356.000000 9136.000000 
9352.000000 9155.000000 
9368.000000 9126.000000 
9386.000000 9119.000000 
9409.000000 9095.000000 
9396.000000 9106.000000 
9436.000000 9094.000000 
9444.000000 9005.000000 
9438.000000 9044.000000 
9448.000000 8998.000000 
9442.000000 9028.000000 
9473.000000 8970.000000 
9468.000000 8994.000000 
9475.000000 8937.000000 
9477.000000 8926.000000 
9484.000000 8912.000000 
9512.000000 8870.000000 
9542.000000 8837.000000 
9563.000000 8777.000000 
9562.000000 8793.000000 
9587.000000 8746.000000 
9590.000000 8695.000000 
9608.000000 8682.000000 
9602.000000 8692.000000 
9611.000000 8666.000000 
9646.000000 8616.000000 
7894.000000 9993.000000 
7871.000000 9995.000000 
7897.000000 9990.000000 
7856.000000 10002.000000 
7943.000000 9988.000000 
7889.000000 9994.000000 
8043.000000 9971.000000 
8050.000000 9963.000000 
8012.000000 9983.000000 
8013.000000 9975.000000 
8076.000000 9961.000000 
8077.000000 9953.000000 
8153.000000 9932.000000 
8114.000000 9933.000000 
8105.000000 9940.000000 
8197.000000 9895.000000 
8186.000000 9897.000000 
8168.000000 9918.000000 
8288.000000 9877.000000 
8358.000000 9863.000000 
8405.000000 9847.000000 
8391.000000 9851.000000 
8382.000000 9852.000000 
8481.000000 9827.000000 
8476.000000 9843.000000 
8566.000000 9796.000000 
8543.000000 9824.000000 
8581.000000 9784.000000 
8608.000000 9771.000000 
8623.000000 9766.000000 
8696.000000 9732.000000 
8674.000000 9746.000000 
8727.000000 9727.000000 
8807.000000 9670.000000 
8776.000000 9691.000000 
8795.000000 9673.000000 
8793.000000 9680.000000 
8794.000000 9676.000000 
8865.000000 9655.000000 
8838.000000 9657.000000 
8872.000000 9636.000000 
8814.000000 9668.000000 
8883.000000 9628.000000 
8910.000000 9594.000000 
8894.000000 9621.000000 
8913.000000 9591.000000 
8908.000000 9595.000000 
8899.000000 9599.000000 
8965.000000 9546.000000 
8949.000000 9572.000000 
8944.000000 9578.000000 
8978.000000 9532.000000 
8976.000000 9539.000000 
9010.000000 9514.000000 
9024.000000 9498.000000 
8997.000000 9529.000000 
9061.000000 9468.000000 
9072.000000 9449.000000 
9139.000000 9370.000000 
9273.000000 9218.000000 
9218.000000 9266.000000 
9261.000000 9234.000000 
9313.000000 9162.000000 
9501.000000 8888.000000 
9549.000000 8798.000000 
9627.000000 8631.000000 
9623.000000 8641.000000 
9632.000000 8630.000000 
9660.000000 8599.000000 
9654.000000 8614.000000 
9664.000000 8591.000000 
9682.000000 8583.000000 
9686.000000 8530.000000 
9695.000000 8493.000000 
9696.000000 8460.000000 
9714.000000 8368.000000 
9703.000000 8411.000000 
9725.000000 8339.000000 
9728.000000 8335.000000 
9755.000000 8277.000000 
9748.000000 8298.000000 
9756.000000 8256.000000 
9766.000000 8210.000000 
9779.000000 8083.000000 
9792.000000 8065.000000 
9778.000000 8115.000000 
9776.000000 8192.000000 
