
23897.000000 29852.000000 
24042.000000 29842.000000 
23985.000000 29849.000000 
24070.000000 29829.000000 
24056.000000 29831.000000 
24108.000000 29828.000000 
24149.000000 29819.000000 
24140.000000 29822.000000 
24249.000000 29807.000000 
24196.000000 29817.000000 
24202.000000 29808.000000 
24376.000000 29784.000000 
24372.000000 29792.000000 
24416.000000 29779.000000 
24454.000000 29755.000000 
24467.000000 29748.000000 
24461.000000 29752.000000 
24445.000000 29765.000000 
24543.000000 29744.000000 
24556.000000 29729.000000 
24575.000000 29725.000000 
24544.000000 29736.000000 
24614.000000 29710.000000 
24655.000000 29698.000000 
24793.000000 29658.000000 
24771.000000 29661.000000 
24762.000000 29669.000000 
24744.000000 29673.000000 
24846.000000 29654.000000 
24890.000000 29644.000000 
24872.000000 29649.000000 
24894.000000 29635.000000 
25003.000000 29616.000000 
24954.000000 29631.000000 
25161.000000 29583.000000 
25151.000000 29602.000000 
25169.000000 29577.000000 
25168.000000 29581.000000 
25196.000000 29575.000000 
25289.000000 29533.000000 
25246.000000 29562.000000 
25279.000000 29543.000000 
25258.000000 29558.000000 
25366.000000 29531.000000 
25377.000000 29519.000000 
25441.000000 29502.000000 
25434.000000 29504.000000 
25468.000000 29489.000000 
25495.000000 29479.000000 
25501.000000 29477.000000 
25526.000000 29467.000000 
25543.000000 29463.000000 
25503.000000 29470.000000 
25561.000000 29445.000000 
25574.000000 29442.000000 
25672.000000 29432.000000 
25750.000000 29367.000000 
25752.000000 29360.000000 
25710.000000 29405.000000 
25842.000000 29337.000000 
25808.000000 29352.000000 
25893.000000 29306.000000 
25895.000000 29299.000000 
25870.000000 29324.000000 
25912.000000 29292.000000 
25997.000000 29261.000000 
25976.000000 29287.000000 
25986.000000 29270.000000 
25979.000000 29272.000000 
26004.000000 29259.000000 
26015.000000 29254.000000 
26069.000000 29251.000000 
26072.000000 29229.000000 
26070.000000 29243.000000 
26143.000000 29214.000000 
26136.000000 29218.000000 
26174.000000 29195.000000 
26217.000000 29174.000000 
26223.000000 29163.000000 
26221.000000 29166.000000 
26247.000000 29157.000000 
26278.000000 29148.000000 
26305.000000 29122.000000 
26320.000000 29119.000000 
26301.000000 29124.000000 
26289.000000 29135.000000 
26293.000000 29131.000000 
26311.000000 29121.000000 
26351.000000 29107.000000 
26354.000000 29103.000000 
26389.000000 29099.000000 
26395.000000 29073.000000 
26406.000000 29067.000000 
26418.000000 29061.000000 
26398.000000 29069.000000 
26407.000000 29063.000000 
26437.000000 29059.000000 
26440.000000 29057.000000 
26451.000000 29042.000000 
26521.000000 29004.000000 
26577.000000 28967.000000 
26532.000000 28979.000000 
26588.000000 28962.000000 
26581.000000 28966.000000 
26606.000000 28953.000000 
26575.000000 28969.000000 
26582.000000 28963.000000 
26593.000000 28956.000000 
26630.000000 28923.000000 
26627.000000 28925.000000 
26624.000000 28930.000000 
26641.000000 28921.000000 
26623.000000 28931.000000 
26661.000000 28910.000000 
26649.000000 28911.000000 
26670.000000 28907.000000 
26669.000000 28909.000000 
26688.000000 28898.000000 
26703.000000 28888.000000 
26727.000000 28862.000000 
26712.000000 28871.000000 
26726.000000 28870.000000 
26733.000000 28845.000000 
26766.000000 28837.000000 
26775.000000 28823.000000 
26769.000000 28831.000000 
26783.000000 28811.000000 
26772.000000 28826.000000 
26796.000000 28810.000000 
26780.000000 28814.000000 
26816.000000 28789.000000 
26798.000000 28799.000000 
26840.000000 28773.000000 
26823.000000 28787.000000 
26853.000000 28770.000000 
26887.000000 28738.000000 
26915.000000 28729.000000 
26883.000000 28742.000000 
26878.000000 28767.000000 
27027.000000 28632.000000 
26989.000000 28650.000000 
27004.000000 28645.000000 
26993.000000 28649.000000 
27120.000000 28564.000000 
27092.000000 28575.000000 
27094.000000 28566.000000 
27089.000000 28594.000000 
27260.000000 28444.000000 
27349.000000 28371.000000 
27545.000000 28201.000000 
27573.000000 28173.000000 
27553.000000 28198.000000 
27560.000000 28197.000000 
27565.000000 28178.000000 
27582.000000 28162.000000 
27581.000000 28165.000000 
27609.000000 28142.000000 
27655.000000 28105.000000 
27635.000000 28115.000000 
27683.000000 28063.000000 
27719.000000 28045.000000 
27704.000000 28048.000000 
27728.000000 28032.000000 
27725.000000 28038.000000 
27736.000000 28009.000000 
27731.000000 28014.000000 
27781.000000 27969.000000 
27760.000000 27998.000000 
27765.000000 27987.000000 
27792.000000 27961.000000 
27818.000000 27934.000000 
27828.000000 27930.000000 
27840.000000 27920.000000 
27888.000000 27879.000000 
27915.000000 27858.000000 
27909.000000 27864.000000 
27907.000000 27872.000000 
27991.000000 27731.000000 
28515.000000 27090.000000 
28622.000000 26949.000000 
28611.000000 26980.000000 
28616.000000 26953.000000 
28618.000000 26950.000000 
28663.000000 26913.000000 
28653.000000 26917.000000 
28730.000000 26802.000000 
28740.000000 26800.000000 
28789.000000 26768.000000 
28784.000000 26773.000000 
28814.000000 26746.000000 
28800.000000 26763.000000 
28807.000000 26747.000000 
28841.000000 26718.000000 
28832.000000 26735.000000 
28844.000000 26703.000000 
28849.000000 26693.000000 
28843.000000 26715.000000 
28884.000000 26676.000000 
28888.000000 26656.000000 
28891.000000 26642.000000 
28885.000000 26672.000000 
28912.000000 26609.000000 
28930.000000 26543.000000 
28917.000000 26560.000000 
28935.000000 26528.000000 
28980.000000 26435.000000 
28976.000000 26470.000000 
29014.000000 26424.000000 
28985.000000 26432.000000 
28977.000000 26436.000000 
28950.000000 26522.000000 
29015.000000 26364.000000 
29105.000000 26166.000000 
29098.000000 26171.000000 
29140.000000 26075.000000 
29137.000000 26096.000000 
29124.000000 26103.000000 
29222.000000 25928.000000 
29199.000000 25975.000000 
29198.000000 25986.000000 
29235.000000 25883.000000 
29234.000000 25920.000000 
29243.000000 25879.000000 
29263.000000 25850.000000 
29270.000000 25838.000000 
29256.000000 25869.000000 
29258.000000 25854.000000 
29257.000000 25857.000000 
29301.000000 25775.000000 
29322.000000 25744.000000 
29318.000000 25745.000000 
29333.000000 25730.000000 
29349.000000 25713.000000 
29361.000000 25702.000000 
29381.000000 25642.000000 
29383.000000 25595.000000 
29402.000000 25594.000000 
29411.000000 25562.000000 
29425.000000 25552.000000 
29426.000000 25514.000000 
29427.000000 25494.000000 
29449.000000 25469.000000 
29434.000000 25480.000000 
29431.000000 25488.000000 
29440.000000 25475.000000 
29458.000000 25464.000000 
29465.000000 25420.000000 
29464.000000 25423.000000 
29476.000000 25412.000000 
29469.000000 25419.000000 
29477.000000 25392.000000 
29483.000000 25383.000000 
29485.000000 25349.000000 
29491.000000 25338.000000 
29494.000000 25268.000000 
29493.000000 25275.000000 
29509.000000 25249.000000 
29496.000000 25262.000000 
29516.000000 25242.000000 
29530.000000 25157.000000 
29533.000000 25124.000000 
29531.000000 25151.000000 
29540.000000 25113.000000 
29546.000000 25069.000000 
29551.000000 25051.000000 
29550.000000 25061.000000 
29553.000000 25022.000000 
29583.000000 24940.000000 
29581.000000 24942.000000 
29588.000000 24924.000000 
29591.000000 24921.000000 
29580.000000 25014.000000 
29584.000000 24939.000000 
29611.000000 24845.000000 
29625.000000 24824.000000 
29609.000000 24903.000000 
29644.000000 24793.000000 
29640.000000 24809.000000 
29632.000000 24817.000000 
29639.000000 24816.000000 
29649.000000 24766.000000 
29677.000000 24674.000000 
29665.000000 24737.000000 
29672.000000 24703.000000 
29699.000000 24613.000000 
29688.000000 24625.000000 
29683.000000 24649.000000 
29708.000000 24543.000000 
29721.000000 24485.000000 
29733.000000 24400.000000 
29726.000000 24452.000000 
29743.000000 24347.000000 
29756.000000 24258.000000 
29747.000000 24328.000000 
29749.000000 24288.000000 
29787.000000 24050.000000 
29779.000000 24099.000000 
29795.000000 24049.000000 
29822.000000 23949.000000 
29815.000000 23956.000000 
29831.000000 23896.000000 
29839.000000 23845.000000 
29843.000000 23825.000000 
29854.000000 23821.000000 
29859.000000 23802.000000 
29881.000000 23722.000000 
29873.000000 23792.000000 
29879.000000 23764.000000 
29880.000000 23758.000000 
27028.000000 28602.000000 
27177.000000 28532.000000 
27163.000000 28541.000000 
27166.000000 28534.000000 
27153.000000 28551.000000 
29773.000000 24214.000000 
27211.000000 28502.000000 
27205.000000 28510.000000 
27209.000000 28506.000000 
27228.000000 28494.000000 
27223.000000 28497.000000 
27255.000000 28480.000000 
27210.000000 28504.000000 
27214.000000 28498.000000 
27238.000000 28482.000000 
27277.000000 28439.000000 
27292.000000 28426.000000 
27285.000000 28436.000000 
27377.000000 28357.000000 
27401.000000 28356.000000 
27374.000000 28359.000000 
27411.000000 28342.000000 
27405.000000 28346.000000 
27417.000000 28341.000000 
27402.000000 28350.000000 
27456.000000 28306.000000 
27425.000000 28322.000000 
27431.000000 28314.000000 
27409.000000 28344.000000 
27489.000000 28257.000000 
27488.000000 28266.000000 
27481.000000 28289.000000 
27490.000000 28251.000000 
27527.000000 28227.000000 
27520.000000 28240.000000 
27535.000000 28219.000000 
27541.000000 28212.000000 
27625.000000 28119.000000 
27603.000000 28145.000000 
27649.000000 28113.000000 
27657.000000 28102.000000 
27687.000000 28050.000000 
27673.000000 28095.000000 
27681.000000 28073.000000 
27734.000000 28012.000000 
27743.000000 28006.000000 
27751.000000 28005.000000 
27919.000000 27808.000000 
27939.000000 27800.000000 
27943.000000 27774.000000 
27920.000000 27807.000000 
27987.000000 27743.000000 
28001.000000 27728.000000 
28006.000000 27722.000000 
28032.000000 27711.000000 
28053.000000 27680.000000 
28095.000000 27636.000000 
28088.000000 27659.000000 
28119.000000 27610.000000 
28089.000000 27637.000000 
28097.000000 27621.000000 
28141.000000 27582.000000 
28139.000000 27592.000000 
28148.000000 27581.000000 
28174.000000 27566.000000 
28154.000000 27567.000000 
28220.000000 27501.000000 
28223.000000 27475.000000 
28225.000000 27474.000000 
28273.000000 27439.000000 
28291.000000 27421.000000 
28264.000000 27456.000000 
28246.000000 27470.000000 
28293.000000 27385.000000 
28347.000000 27369.000000 
28367.000000 27337.000000 
28360.000000 27347.000000 
28355.000000 27349.000000 
28383.000000 27308.000000 
28404.000000 27306.000000 
28408.000000 27286.000000 
28412.000000 27279.000000 
28429.000000 27262.000000 
28407.000000 27303.000000 
28433.000000 27246.000000 
28449.000000 27243.000000 
28475.000000 27201.000000 
28465.000000 27216.000000 
28476.000000 27183.000000 
28483.000000 27180.000000 
28492.000000 27149.000000 
28486.000000 27162.000000 
28493.000000 27128.000000 
28511.000000 27127.000000 
28541.000000 27075.000000 
28538.000000 27089.000000 
28548.000000 27069.000000 
28592.000000 27054.000000 
28574.000000 27064.000000 
28682.000000 26899.000000 
28649.000000 26948.000000 
28716.000000 26869.000000 
28688.000000 26892.000000 
28690.000000 26871.000000 
28742.000000 26797.000000 
28729.000000 26837.000000 
28754.000000 26788.000000 
29048.000000 26232.000000 
29146.000000 26014.000000 
29155.000000 25990.000000 

24056.000000 29862.000000 
24151.000000 29858.000000 
24142.000000 29861.000000 
24198.000000 29856.000000 
24211.000000 29852.000000 
24183.000000 29857.000000 
24202.000000 29855.000000 
24247.000000 29850.000000 
24358.000000 29839.000000 
24325.000000 29840.000000 
24359.000000 29834.000000 
24378.000000 29809.000000 
24384.000000 29795.000000 
24397.000000 29791.000000 
24492.000000 29762.000000 
24535.000000 29745.000000 
24529.000000 29747.000000 
24526.000000 29757.000000 
24712.000000 29724.000000 
24725.000000 29706.000000 
24752.000000 29693.000000 
24750.000000 29699.000000 
24815.000000 29682.000000 
24813.000000 29688.000000 
24790.000000 29691.000000 
24918.000000 29660.000000 
24916.000000 29673.000000 
24943.000000 29659.000000 
24957.000000 29658.000000 
24996.000000 29655.000000 
25012.000000 29652.000000 
25013.000000 29648.000000 
25078.000000 29643.000000 
25157.000000 29621.000000 
25123.000000 29622.000000 
25118.000000 29627.000000 
25239.000000 29582.000000 
25259.000000 29580.000000 
25216.000000 29601.000000 
25225.000000 29595.000000 
25234.000000 29588.000000 
25207.000000 29606.000000 
25283.000000 29565.000000 
25272.000000 29567.000000 
25354.000000 29551.000000 
25337.000000 29553.000000 
25320.000000 29563.000000 
25470.000000 29487.000000 
25477.000000 29473.000000 
25475.000000 29479.000000 
25571.000000 29447.000000 
25507.000000 29467.000000 
25521.000000 29462.000000 
25533.000000 29451.000000 
25515.000000 29463.000000 
25527.000000 29455.000000 
25713.000000 29396.000000 
25707.000000 29398.000000 
25691.000000 29400.000000 
25723.000000 29390.000000 
25686.000000 29412.000000 
25720.000000 29392.000000 
25750.000000 29386.000000 
25753.000000 29383.000000 
25769.000000 29377.000000 
25802.000000 29368.000000 
25775.000000 29371.000000 
25824.000000 29367.000000 
25829.000000 29361.000000 
25827.000000 29363.000000 
25864.000000 29352.000000 
25882.000000 29342.000000 
25859.000000 29358.000000 
25869.000000 29349.000000 
25861.000000 29354.000000 
25906.000000 29336.000000 
25880.000000 29347.000000 
25910.000000 29323.000000 
25908.000000 29329.000000 
25943.000000 29318.000000 
25937.000000 29322.000000 
25963.000000 29306.000000 
26099.000000 29238.000000 
26080.000000 29250.000000 
26072.000000 29258.000000 
26056.000000 29259.000000 
26077.000000 29254.000000 
26094.000000 29245.000000 
26081.000000 29247.000000 
26116.000000 29236.000000 
26160.000000 29228.000000 
26202.000000 29199.000000 
26178.000000 29225.000000 
26191.000000 29203.000000 
26199.000000 29201.000000 
26182.000000 29215.000000 
26396.000000 29085.000000 
26229.000000 29189.000000 
26232.000000 29167.000000 
26255.000000 29161.000000 
26331.000000 29142.000000 
26355.000000 29112.000000 
26371.000000 29093.000000 
26360.000000 29098.000000 
26446.000000 29054.000000 
26429.000000 29075.000000 
26519.000000 29017.000000 
26472.000000 29052.000000 
26485.000000 29031.000000 
26518.000000 29021.000000 
26494.000000 29023.000000 
26603.000000 28951.000000 
26583.000000 28975.000000 
26621.000000 28940.000000 
26599.000000 28960.000000 
26611.000000 28947.000000 
26671.000000 28927.000000 
26709.000000 28891.000000 
26674.000000 28914.000000 
26683.000000 28902.000000 
26682.000000 28903.000000 
26685.000000 28897.000000 
26737.000000 28880.000000 
26843.000000 28779.000000 
26811.000000 28787.000000 
26890.000000 28736.000000 
26864.000000 28762.000000 
26872.000000 28742.000000 
26918.000000 28701.000000 
26898.000000 28702.000000 
26891.000000 28715.000000 
26978.000000 28662.000000 
26988.000000 28659.000000 
27055.000000 28620.000000 
27045.000000 28640.000000 
27035.000000 28658.000000 
27039.000000 28649.000000 
27119.000000 28566.000000 
27105.000000 28580.000000 
27094.000000 28587.000000 
27228.000000 28474.000000 
27203.000000 28494.000000 
27227.000000 28490.000000 
27196.000000 28515.000000 
27232.000000 28465.000000 
27261.000000 28460.000000 
27270.000000 28447.000000 
27288.000000 28435.000000 
27272.000000 28442.000000 
27296.000000 28418.000000 
27304.000000 28410.000000 
27324.000000 28370.000000 
27322.000000 28375.000000 
27318.000000 28401.000000 
27414.000000 28311.000000 
27419.000000 28297.000000 
27447.000000 28262.000000 
27449.000000 28249.000000 
27486.000000 28242.000000 
27443.000000 28270.000000 
27524.000000 28212.000000 
27531.000000 28201.000000 
27549.000000 28185.000000 
27540.000000 28186.000000 
27537.000000 28196.000000 
27536.000000 28200.000000 
27653.000000 28056.000000 
27661.000000 28048.000000 
27654.000000 28051.000000 
27669.000000 28041.000000 
27703.000000 27978.000000 
27726.000000 27963.000000 
27719.000000 27965.000000 
27702.000000 27997.000000 
27854.000000 27820.000000 
27846.000000 27851.000000 
27816.000000 27865.000000 
27799.000000 27874.000000 
27999.000000 27643.000000 
27962.000000 27660.000000 
27959.000000 27685.000000 
28068.000000 27536.000000 
28071.000000 27524.000000 
28063.000000 27553.000000 
28084.000000 27513.000000 
28116.000000 27476.000000 
28107.000000 27493.000000 
28101.000000 27509.000000 
28118.000000 27455.000000 
28161.000000 27438.000000 
28155.000000 27445.000000 
28181.000000 27423.000000 
28259.000000 27359.000000 
28260.000000 27355.000000 
28262.000000 27352.000000 
28269.000000 27345.000000 
28285.000000 27338.000000 
28300.000000 27336.000000 
28315.000000 27292.000000 
28350.000000 27289.000000 
28309.000000 27307.000000 
28314.000000 27299.000000 
28366.000000 27240.000000 
28386.000000 27236.000000 
28362.000000 27260.000000 
28407.000000 27208.000000 
28389.000000 27235.000000 
28501.000000 27181.000000 
28489.000000 27193.000000 
28515.000000 27141.000000 
28535.000000 27132.000000 
28540.000000 27125.000000 
28550.000000 27109.000000 
28551.000000 27108.000000 
28555.000000 27073.000000 
28558.000000 27056.000000 
28561.000000 27039.000000 
28565.000000 27029.000000 
28607.000000 26954.000000 
28593.000000 26969.000000 
28677.000000 26847.000000 
28679.000000 26846.000000 
28661.000000 26865.000000 
28653.000000 26882.000000 
28662.000000 26851.000000 
28655.000000 26869.000000 
28747.000000 26719.000000 
28749.000000 26711.000000 
28759.000000 26672.000000 
28735.000000 26724.000000 
28794.000000 26620.000000 
28828.000000 26578.000000 
28799.000000 26595.000000 
28790.000000 26645.000000 
28804.000000 26582.000000 
28860.000000 26548.000000 
28863.000000 26520.000000 
28944.000000 26348.000000 
28956.000000 26342.000000 
28934.000000 26427.000000 
28936.000000 26388.000000 
29015.000000 26272.000000 
28992.000000 26336.000000 
29006.000000 26278.000000 
29001.000000 26316.000000 
29003.000000 26311.000000 
29052.000000 26203.000000 
29048.000000 26242.000000 
29050.000000 26205.000000 
29038.000000 26244.000000 
29115.000000 26103.000000 
29104.000000 26146.000000 
29119.000000 26098.000000 
29121.000000 26050.000000 
29120.000000 26052.000000 
29159.000000 25983.000000 
29133.000000 26009.000000 
29122.000000 26032.000000 
29152.000000 25987.000000 
29200.000000 25936.000000 
29220.000000 25913.000000 
29194.000000 25962.000000 
29197.000000 25961.000000 
29210.000000 25929.000000 
29214.000000 25922.000000 
29221.000000 25898.000000 
29276.000000 25820.000000 
29265.000000 25846.000000 
29248.000000 25884.000000 
29240.000000 25888.000000 
29319.000000 25705.000000 
29318.000000 25726.000000 
29316.000000 25727.000000 
29311.000000 25729.000000 
29337.000000 25703.000000 
29349.000000 25689.000000 
29357.000000 25666.000000 
29355.000000 25675.000000 
29370.000000 25620.000000 
29366.000000 25630.000000 
29365.000000 25665.000000 
29379.000000 25618.000000 
29391.000000 25588.000000 
29381.000000 25602.000000 
29390.000000 25596.000000 
29386.000000 25597.000000 
29399.000000 25566.000000 
29395.000000 25586.000000 
29405.000000 25549.000000 
29423.000000 25501.000000 
29409.000000 25545.000000 
29414.000000 25502.000000 
29404.000000 25563.000000 
29439.000000 25481.000000 
29468.000000 25433.000000 
29433.000000 25488.000000 
29456.000000 25444.000000 
29487.000000 25370.000000 
29492.000000 25338.000000 
29490.000000 25360.000000 
29485.000000 25378.000000 
29652.000000 24771.000000 
29794.000000 24301.000000 
29785.000000 24309.000000 
29782.000000 24320.000000 
29811.000000 24185.000000 
29810.000000 24207.000000 
29808.000000 24218.000000 
29796.000000 24227.000000 
29803.000000 24219.000000 
29822.000000 24113.000000 
29819.000000 24149.000000 
29829.000000 24100.000000 
29820.000000 24130.000000 
29835.000000 24045.000000 
29832.000000 24056.000000 
29850.000000 23971.000000 
29862.000000 23956.000000 
28942.000000 26364.000000 
28938.000000 26385.000000 
28935.000000 26416.000000 
28922.000000 26430.000000 
28919.000000 26448.000000 
29766.000000 24352.000000 
29687.000000 24712.000000 
29665.000000 24737.000000 
29660.000000 24749.000000 
29673.000000 24735.000000 
29643.000000 24805.000000 
29640.000000 24833.000000 
29642.000000 24812.000000 
29635.000000 24919.000000 
29614.000000 24955.000000 
29621.000000 24925.000000 
29548.000000 25282.000000 
29529.000000 25312.000000 
29527.000000 25317.000000 
29525.000000 25335.000000 
29551.000000 25280.000000 
29542.000000 25300.000000 
29532.000000 25304.000000 
29547.000000 25285.000000 
29540.000000 25301.000000 
29565.000000 25262.000000 
29557.000000 25271.000000 
29546.000000 25289.000000 
29552.000000 25272.000000 
29568.000000 25210.000000 
29584.000000 25185.000000 
29609.000000 25128.000000 
29596.000000 25146.000000 
29597.000000 25143.000000 
29610.000000 25078.000000 
29696.000000 24688.000000 
29731.000000 24641.000000 
29740.000000 24631.000000 
29726.000000 24677.000000 
29754.000000 24554.000000 
29746.000000 24618.000000 
29747.000000 24557.000000 
29755.000000 24499.000000 
29761.000000 24495.000000 
29889.000000 23844.000000 
29902.000000 23823.000000 
29890.000000 23839.000000 
29882.000000 23876.000000 
29886.000000 23859.000000 

23989.000000 29796.000000 
24006.000000 29791.000000 
24004.000000 29794.000000 

23729.000000 29843.000000 
23709.000000 29854.000000 
23682.000000 29861.000000 
23714.000000 29851.000000 
23702.000000 29857.000000 
23811.000000 29838.000000 
23808.000000 29840.000000 
24029.000000 29836.000000 
24141.000000 29834.000000 
24483.000000 29829.000000 
24494.000000 29816.000000 
24484.000000 29817.000000 
24578.000000 29806.000000 
24633.000000 29795.000000 
24545.000000 29814.000000 
24588.000000 29805.000000 
24555.000000 29810.000000 
24596.000000 29799.000000 
24663.000000 29788.000000 
24702.000000 29778.000000 
24676.000000 29781.000000 
24743.000000 29766.000000 
24675.000000 29787.000000 
24806.000000 29747.000000 
24739.000000 29768.000000 
24796.000000 29752.000000 
24758.000000 29756.000000 
24815.000000 29733.000000 
24786.000000 29755.000000 
24831.000000 29730.000000 
24850.000000 29721.000000 
24854.000000 29715.000000 
24878.000000 29710.000000 
24896.000000 29699.000000 
24900.000000 29694.000000 
24902.000000 29689.000000 
25006.000000 29625.000000 
25035.000000 29619.000000 
25004.000000 29644.000000 
24997.000000 29658.000000 
25108.000000 29597.000000 
25121.000000 29578.000000 
25237.000000 29557.000000 
25345.000000 29500.000000 
25353.000000 29492.000000 
25319.000000 29520.000000 
25306.000000 29533.000000 
25514.000000 29422.000000 
25494.000000 29436.000000 
25498.000000 29435.000000 
25655.000000 29360.000000 
25633.000000 29368.000000 
25657.000000 29353.000000 
25778.000000 29296.000000 
25797.000000 29294.000000 
25777.000000 29349.000000 
25802.000000 29287.000000 
25859.000000 29278.000000 
25892.000000 29277.000000 
25971.000000 29249.000000 
26003.000000 29223.000000 
25998.000000 29244.000000 
25973.000000 29246.000000 
26091.000000 29221.000000 
26158.000000 29192.000000 
26145.000000 29199.000000 
26116.000000 29220.000000 
26121.000000 29209.000000 
26233.000000 29159.000000 
26247.000000 29157.000000 
26282.000000 29144.000000 
26231.000000 29164.000000 
26286.000000 29132.000000 
26303.000000 29123.000000 
26276.000000 29151.000000 
26301.000000 29129.000000 
26341.000000 29072.000000 
26331.000000 29094.000000 
26333.000000 29075.000000 
26332.000000 29085.000000 
26397.000000 29064.000000 
26402.000000 29059.000000 
26396.000000 29070.000000 
26476.000000 29048.000000 
26488.000000 29037.000000 
26484.000000 29043.000000 
26491.000000 29030.000000 
26550.000000 29010.000000 
26519.000000 29022.000000 
26578.000000 28958.000000 
26592.000000 28955.000000 
26597.000000 28947.000000 
26665.000000 28915.000000 
26659.000000 28922.000000 
26662.000000 28916.000000 
26651.000000 28932.000000 
26643.000000 28936.000000 
26670.000000 28912.000000 
26689.000000 28889.000000 
26684.000000 28890.000000 
26682.000000 28892.000000 
26676.000000 28893.000000 
26754.000000 28863.000000 
26739.000000 28866.000000 
26757.000000 28854.000000 
26764.000000 28852.000000 
26784.000000 28836.000000 
26779.000000 28848.000000 
26832.000000 28833.000000 
26926.000000 28754.000000 
26969.000000 28716.000000 
26968.000000 28717.000000 
26959.000000 28739.000000 
26988.000000 28701.000000 
26996.000000 28696.000000 
26981.000000 28710.000000 
27008.000000 28684.000000 
27002.000000 28688.000000 
27033.000000 28662.000000 
27020.000000 28674.000000 
27027.000000 28667.000000 
27059.000000 28623.000000 
27094.000000 28616.000000 
27095.000000 28599.000000 
27131.000000 28579.000000 
27126.000000 28582.000000 
27132.000000 28566.000000 
27151.000000 28561.000000 
27157.000000 28557.000000 
27225.000000 28493.000000 
27187.000000 28517.000000 
27208.000000 28494.000000 
27240.000000 28470.000000 
27238.000000 28476.000000 
27243.000000 28456.000000 
27316.000000 28429.000000 
27270.000000 28455.000000 
27284.000000 28447.000000 
27297.000000 28443.000000 
27436.000000 28351.000000 
27394.000000 28386.000000 
27403.000000 28375.000000 
27425.000000 28353.000000 
27439.000000 28350.000000 
27420.000000 28366.000000 
27480.000000 28271.000000 
27541.000000 28224.000000 
27505.000000 28263.000000 
27635.000000 28129.000000 
27612.000000 28132.000000 
27639.000000 28112.000000 
27563.000000 28177.000000 
27597.000000 28145.000000 
27581.000000 28159.000000 
27659.000000 28080.000000 
27683.000000 28039.000000 
27667.000000 28065.000000 
27672.000000 28041.000000 
27707.000000 28023.000000 
27742.000000 27989.000000 
27725.000000 28010.000000 
27720.000000 28013.000000 
27745.000000 27979.000000 
27748.000000 27978.000000 
27757.000000 27966.000000 
27802.000000 27936.000000 
27824.000000 27919.000000 
27801.000000 27954.000000 
27807.000000 27927.000000 
27878.000000 27836.000000 
27876.000000 27853.000000 
27874.000000 27859.000000 
27861.000000 27878.000000 
27864.000000 27873.000000 
28014.000000 27746.000000 
27993.000000 27773.000000 
28058.000000 27676.000000 
28050.000000 27707.000000 
28047.000000 27709.000000 
28055.000000 27703.000000 
28046.000000 27725.000000 
28079.000000 27641.000000 
28082.000000 27639.000000 
28115.000000 27595.000000 
28116.000000 27581.000000 
28098.000000 27601.000000 
28096.000000 27630.000000 
28136.000000 27579.000000 
28138.000000 27571.000000 
28164.000000 27537.000000 
28159.000000 27565.000000 
28174.000000 27532.000000 
28192.000000 27521.000000 
28206.000000 27519.000000 
28221.000000 27505.000000 
28227.000000 27491.000000 
28230.000000 27479.000000 
28243.000000 27466.000000 
28250.000000 27462.000000 
28270.000000 27445.000000 
28294.000000 27408.000000 
28297.000000 27391.000000 
28293.000000 27413.000000 
28378.000000 27331.000000 
28324.000000 27385.000000 
28329.000000 27371.000000 
28358.000000 27335.000000 
28335.000000 27370.000000 
28346.000000 27355.000000 
28423.000000 27267.000000 
28427.000000 27260.000000 
28411.000000 27272.000000 
28407.000000 27282.000000 
28441.000000 27250.000000 
28432.000000 27256.000000 
28447.000000 27243.000000 
28482.000000 27208.000000 
28448.000000 27214.000000 
28479.000000 27210.000000 
28491.000000 27202.000000 
28494.000000 27198.000000 
28506.000000 27158.000000 
28500.000000 27175.000000 
28515.000000 27153.000000 
28550.000000 27107.000000 
28547.000000 27124.000000 
28556.000000 27087.000000 
28553.000000 27097.000000 
28563.000000 27078.000000 
28557.000000 27082.000000 
28575.000000 27056.000000 
28595.000000 27019.000000 
28591.000000 27045.000000 
28592.000000 27026.000000 
28608.000000 27014.000000 
28597.000000 27017.000000 
28623.000000 27006.000000 
28625.000000 26992.000000 
28635.000000 26976.000000 
28655.000000 26956.000000 
28637.000000 26970.000000 
28694.000000 26906.000000 
28698.000000 26870.000000 
28693.000000 26913.000000 
28707.000000 26789.000000 
28741.000000 26762.000000 
28723.000000 26783.000000 
28751.000000 26737.000000 
28760.000000 26724.000000 
28767.000000 26722.000000 
28802.000000 26647.000000 
28797.000000 26658.000000 
28808.000000 26644.000000 
28815.000000 26610.000000 
28835.000000 26607.000000 
28838.000000 26597.000000 
28839.000000 26593.000000 
28875.000000 26592.000000 
28899.000000 26534.000000 
28890.000000 26536.000000 
28889.000000 26571.000000 
28916.000000 26519.000000 
28945.000000 26459.000000 
28943.000000 26478.000000 
28941.000000 26492.000000 
28969.000000 26457.000000 
28975.000000 26434.000000 
28978.000000 26401.000000 
28984.000000 26391.000000 
28980.000000 26396.000000 
29024.000000 26346.000000 
29033.000000 26310.000000 
29029.000000 26317.000000 
29042.000000 26293.000000 
29047.000000 26289.000000 
29068.000000 26266.000000 
29074.000000 26210.000000 
29100.000000 26145.000000 
29114.000000 26143.000000 
29087.000000 26163.000000 
29086.000000 26197.000000 
29092.000000 26160.000000 
29128.000000 26115.000000 
29134.000000 26083.000000 
29131.000000 26085.000000 
29165.000000 26004.000000 
29153.000000 26020.000000 
29172.000000 25966.000000 
29169.000000 25997.000000 
29190.000000 25910.000000 
29183.000000 25945.000000 
29185.000000 25915.000000 
29236.000000 25858.000000 
29210.000000 25861.000000 
29243.000000 25794.000000 
29256.000000 25769.000000 
29254.000000 25774.000000 
25925.000000 29253.000000 
25904.000000 29261.000000 
25899.000000 29262.000000 
28776.000000 26661.000000 
29203.000000 25880.000000 
29196.000000 25889.000000 
29137.000000 26062.000000 
29346.000000 25711.000000 
29356.000000 25681.000000 
29345.000000 25715.000000 
29333.000000 25740.000000 
29353.000000 25703.000000 
29336.000000 25739.000000 
29327.000000 25764.000000 
29328.000000 25741.000000 
29367.000000 25654.000000 
29376.000000 25641.000000 
29390.000000 25635.000000 
29362.000000 25679.000000 
29384.000000 25636.000000 
29396.000000 25605.000000 
29392.000000 25615.000000 
29405.000000 25582.000000 
29408.000000 25571.000000 
29412.000000 25564.000000 
29403.000000 25604.000000 
29411.000000 25569.000000 
29426.000000 25556.000000 
29439.000000 25530.000000 
29433.000000 25552.000000 
29469.000000 25452.000000 
29468.000000 25479.000000 
29486.000000 25430.000000 
29489.000000 25361.000000 
29473.000000 25436.000000 
29455.000000 25517.000000 
29509.000000 25280.000000 
29497.000000 25326.000000 
29513.000000 25246.000000 
29516.000000 25228.000000 
29506.000000 25285.000000 
29539.000000 25177.000000 
29535.000000 25198.000000 
29564.000000 25092.000000 
29552.000000 25135.000000 
29548.000000 25153.000000 
29603.000000 24982.000000 
29596.000000 25006.000000 
29622.000000 24957.000000 
29631.000000 24903.000000 
29630.000000 24947.000000 
29636.000000 24846.000000 
29641.000000 24841.000000 
29666.000000 24774.000000 
29657.000000 24795.000000 
29671.000000 24737.000000 
29692.000000 24710.000000 
29695.000000 24677.000000 
29682.000000 24726.000000 
29741.000000 24540.000000 
29744.000000 24454.000000 
29749.000000 24437.000000 
29765.000000 24397.000000 
29727.000000 24571.000000 
29725.000000 24602.000000 
29724.000000 24654.000000 
29729.000000 24568.000000 
29726.000000 24590.000000 

24123.000000 29886.000000 
24103.000000 29902.000000 
24162.000000 29882.000000 
24220.000000 29879.000000 
24246.000000 29873.000000 
24308.000000 29858.000000 
24310.000000 29836.000000 
24319.000000 29830.000000 
24345.000000 29818.000000 
24388.000000 29805.000000 
24415.000000 29779.000000 
24824.000000 29643.000000 
24893.000000 29620.000000 
24830.000000 29629.000000 
24988.000000 29597.000000 
24984.000000 29606.000000 
24948.000000 29617.000000 
24961.000000 29615.000000 
24971.000000 29610.000000 
25074.000000 29574.000000 
25113.000000 29563.000000 
25073.000000 29586.000000 
25096.000000 29573.000000 
25287.000000 29497.000000 
25295.000000 29489.000000 
25311.000000 29482.000000 
25396.000000 29464.000000 
25436.000000 29454.000000 
25374.000000 29474.000000 
25510.000000 29429.000000 
25527.000000 29415.000000 
27023.000000 28635.000000 
27020.000000 28638.000000 
27036.000000 28621.000000 
27018.000000 28648.000000 
27077.000000 28587.000000 
27079.000000 28574.000000 
27089.000000 28563.000000 
27198.000000 28512.000000 
27285.000000 28431.000000 
27267.000000 28451.000000 
27273.000000 28437.000000 
27337.000000 28416.000000 
27343.000000 28396.000000 
27342.000000 28408.000000 
27348.000000 28392.000000 
27394.000000 28366.000000 
27369.000000 28378.000000 
27374.000000 28373.000000 
27363.000000 28388.000000 
27384.000000 28372.000000 
27403.000000 28359.000000 
27447.000000 28336.000000 
27436.000000 28340.000000 
27478.000000 28296.000000 
27453.000000 28326.000000 
27467.000000 28319.000000 
27566.000000 28216.000000 
27556.000000 28220.000000 
27598.000000 28176.000000 
27602.000000 28171.000000 
27582.000000 28205.000000 
27596.000000 28194.000000 
27720.000000 28056.000000 
27721.000000 28055.000000 
27739.000000 28049.000000 
27740.000000 28032.000000 
27743.000000 28022.000000 
27775.000000 27999.000000 
27787.000000 27994.000000 
27767.000000 28002.000000 
27816.000000 27948.000000 
27807.000000 27959.000000 
27855.000000 27901.000000 
27882.000000 27877.000000 
27843.000000 27932.000000 
27922.000000 27832.000000 
27920.000000 27836.000000 
27924.000000 27823.000000 
27912.000000 27837.000000 
27927.000000 27820.000000 
27932.000000 27811.000000 
27948.000000 27803.000000 
28016.000000 27725.000000 
28000.000000 27735.000000 
28028.000000 27691.000000 
28058.000000 27662.000000 
28045.000000 27686.000000 
28050.000000 27678.000000 
28056.000000 27674.000000 
28100.000000 27634.000000 
28122.000000 27582.000000 
28097.000000 27646.000000 
28226.000000 27533.000000 
28259.000000 27454.000000 
28258.000000 27470.000000 
28272.000000 27441.000000 
28247.000000 27493.000000 
28347.000000 27360.000000 
28339.000000 27371.000000 
28341.000000 27364.000000 
28363.000000 27339.000000 
28349.000000 27346.000000 
28423.000000 27251.000000 
28454.000000 27199.000000 
28490.000000 27157.000000 
28483.000000 27179.000000 
28586.000000 27010.000000 
28656.000000 26882.000000 
28660.000000 26875.000000 
28743.000000 26780.000000 
28749.000000 26731.000000 
28756.000000 26718.000000 
28747.000000 26760.000000 
28822.000000 26617.000000 
28810.000000 26622.000000 
28807.000000 26673.000000 
28871.000000 26530.000000 
28862.000000 26546.000000 
28853.000000 26558.000000 
28860.000000 26547.000000 
28891.000000 26497.000000 
28882.000000 26528.000000 
28869.000000 26538.000000 
28907.000000 26479.000000 
28967.000000 26358.000000 
28939.000000 26402.000000 
28935.000000 26428.000000 
28949.000000 26364.000000 
28997.000000 26283.000000 
28984.000000 26316.000000 
29010.000000 26271.000000 
28979.000000 26319.000000 
28995.000000 26315.000000 
29040.000000 26215.000000 
29029.000000 26241.000000 
29069.000000 26197.000000 
29075.000000 26188.000000 
29088.000000 26168.000000 
29095.000000 26165.000000 
29097.000000 26146.000000 
29148.000000 26026.000000 
29178.000000 25994.000000 
29145.000000 26050.000000 
29146.000000 26036.000000 
29149.000000 26011.000000 
29196.000000 25968.000000 
29220.000000 25945.000000 
29243.000000 25901.000000 
29221.000000 25923.000000 
29215.000000 25962.000000 
29205.000000 25964.000000 
29257.000000 25880.000000 
29268.000000 25872.000000 
29283.000000 25818.000000 
29277.000000 25857.000000 
29286.000000 25804.000000 
29299.000000 25803.000000 
29284.000000 25812.000000 
29282.000000 25839.000000 
29347.000000 25729.000000 
29340.000000 25736.000000 
29377.000000 25668.000000 
29371.000000 25677.000000 
29370.000000 25679.000000 
29366.000000 25689.000000 
29387.000000 25652.000000 
29418.000000 25609.000000 
29415.000000 25625.000000 
29422.000000 25603.000000 
29412.000000 25647.000000 
29440.000000 25569.000000 
29428.000000 25595.000000 
29441.000000 25541.000000 
29442.000000 25534.000000 
29472.000000 25460.000000 
29457.000000 25530.000000 
29465.000000 25486.000000 
29461.000000 25494.000000 
29469.000000 25469.000000 
29487.000000 25434.000000 
29495.000000 25393.000000 
29482.000000 25454.000000 
29524.000000 25339.000000 
29515.000000 25356.000000 
29529.000000 25331.000000 
29539.000000 25285.000000 
29530.000000 25288.000000 
29542.000000 25279.000000 
29533.000000 25287.000000 
29545.000000 25252.000000 
29543.000000 25263.000000 
29561.000000 25203.000000 
29569.000000 25143.000000 
29593.000000 25138.000000 
29616.000000 25080.000000 
29608.000000 25089.000000 
29628.000000 25019.000000 
29630.000000 24961.000000 
29640.000000 24950.000000 
29638.000000 24956.000000 
29675.000000 24826.000000 
29667.000000 24859.000000 
29665.000000 24877.000000 
29658.000000 24935.000000 
29664.000000 24882.000000 
29694.000000 24797.000000 
29720.000000 24629.000000 
29712.000000 24717.000000 
29713.000000 24647.000000 
29722.000000 24573.000000 
29737.000000 24508.000000 
29736.000000 24521.000000 
29730.000000 24571.000000 
29747.000000 24496.000000 
29823.000000 24079.000000 
29851.000000 24075.000000 
29855.000000 24033.000000 
29854.000000 24046.000000 
29859.000000 24015.000000 
29887.000000 23939.000000 
29880.000000 23987.000000 
29870.000000 24008.000000 
29883.000000 23965.000000 
29898.000000 23928.000000 
29884.000000 23952.000000 
29879.000000 24002.000000 
24759.000000 29661.000000 
24731.000000 29682.000000 
24741.000000 29666.000000 
25123.000000 29522.000000 
25537.000000 29394.000000 
25644.000000 29386.000000 
25635.000000 29391.000000 
25669.000000 29367.000000 
25667.000000 29385.000000 
25707.000000 29364.000000 
25793.000000 29347.000000 
25757.000000 29360.000000 
25770.000000 29353.000000 
25887.000000 29336.000000 
25911.000000 29326.000000 
25923.000000 29315.000000 
25956.000000 29300.000000 
25914.000000 29321.000000 
25924.000000 29311.000000 
25942.000000 29301.000000 
25933.000000 29308.000000 
26027.000000 29257.000000 
26000.000000 29261.000000 
25997.000000 29280.000000 
26040.000000 29247.000000 
26025.000000 29259.000000 
26072.000000 29245.000000 
26092.000000 29236.000000 
26086.000000 29238.000000 
26158.000000 29205.000000 
26119.000000 29231.000000 
26117.000000 29233.000000 
26148.000000 29216.000000 
26170.000000 29199.000000 
26152.000000 29209.000000 
26196.000000 29187.000000 
26230.000000 29165.000000 
26203.000000 29170.000000 
26293.000000 29123.000000 
26248.000000 29149.000000 
26267.000000 29140.000000 
26286.000000 29129.000000 
26322.000000 29119.000000 
26346.000000 29109.000000 
26347.000000 29106.000000 
26418.000000 29093.000000 
26448.000000 29090.000000 
26471.000000 29076.000000 
26496.000000 29053.000000 
26476.000000 29069.000000 
26501.000000 29044.000000 
26587.000000 28986.000000 
26578.000000 28987.000000 
26634.000000 28959.000000 
26590.000000 28971.000000 
26661.000000 28944.000000 
26640.000000 28952.000000 
26673.000000 28928.000000 
26688.000000 28921.000000 
26666.000000 28936.000000 
26719.000000 28888.000000 
26711.000000 28889.000000 
26709.000000 28892.000000 
26708.000000 28899.000000 
26762.000000 28880.000000 
26721.000000 28886.000000 
26723.000000 28881.000000 
26802.000000 28846.000000 
26816.000000 28825.000000 
26869.000000 28788.000000 
26876.000000 28787.000000 
26890.000000 28767.000000 
26881.000000 28774.000000 
26891.000000 28764.000000 
26903.000000 28755.000000 
26886.000000 28772.000000 
27000.000000 28713.000000 
27007.000000 28699.000000 
27035.000000 28627.000000 
27058.000000 28612.000000 
27183.000000 28532.000000 
27186.000000 28518.000000 
27208.000000 28496.000000 
27213.000000 28483.000000 
27245.000000 28480.000000 
27247.000000 28466.000000 
27210.000000 28485.000000 
27495.000000 28230.000000 
27290.000000 28420.000000 
27620.000000 28076.000000 
27612.000000 28090.000000 
27631.000000 28066.000000 
27950.000000 27759.000000 
27949.000000 27762.000000 
27953.000000 27746.000000 
27960.000000 27740.000000 
28043.000000 27687.000000 
28116.000000 27613.000000 
28119.000000 27591.000000 
28236.000000 27497.000000 
28309.000000 27428.000000 
28282.000000 27439.000000 
28319.000000 27399.000000 
28316.000000 27421.000000 
28324.000000 27382.000000 
28323.000000 27384.000000 
28405.000000 27298.000000 
28394.000000 27331.000000 
28418.000000 27291.000000 
28415.000000 27296.000000 
28401.000000 27313.000000 
28400.000000 27324.000000 
28425.000000 27245.000000 
28424.000000 27247.000000 
28433.000000 27244.000000 
28514.000000 27147.000000 
28525.000000 27116.000000 
28516.000000 27133.000000 
28546.000000 27086.000000 
28561.000000 27054.000000 
28537.000000 27103.000000 
28574.000000 27045.000000 
28557.000000 27055.000000 
28552.000000 27066.000000 
28579.000000 27020.000000 
28594.000000 27008.000000 
28584.000000 27011.000000 
28609.000000 26981.000000 
28600.000000 26991.000000 
28613.000000 26950.000000 
28634.000000 26916.000000 
28678.000000 26798.000000 
28673.000000 26851.000000 
28677.000000 26801.000000 
28694.000000 26790.000000 
28682.000000 26795.000000 
28676.000000 26839.000000 
28910.000000 26429.000000 
28771.000000 26681.000000 
28827.000000 26601.000000 
29762.000000 24438.000000 
29770.000000 24415.000000 
29772.000000 24373.000000 
29787.000000 24319.000000 
29778.000000 24323.000000 
29792.000000 24220.000000 
29799.000000 24144.000000 
29798.000000 24154.000000 
29812.000000 24107.000000 
29810.000000 24125.000000 

23953.000000 29813.000000 
23999.000000 29804.000000 
23992.000000 29808.000000 
23941.000000 29816.000000 
24022.000000 29802.000000 
24030.000000 29792.000000 
24031.000000 29790.000000 
24103.000000 29788.000000 
24159.000000 29786.000000 
24212.000000 29768.000000 
24333.000000 29721.000000 
24370.000000 29698.000000 
24346.000000 29707.000000 
24367.000000 29702.000000 
24491.000000 29659.000000 
24468.000000 29671.000000 
24493.000000 29654.000000 
24472.000000 29669.000000 
24477.000000 29665.000000 
24450.000000 29675.000000 
24599.000000 29638.000000 
24581.000000 29650.000000 
24807.000000 29606.000000 
24733.000000 29608.000000 
24731.000000 29627.000000 
24740.000000 29607.000000 
25098.000000 29547.000000 
25138.000000 29532.000000 
25229.000000 29523.000000 
25249.000000 29511.000000 
25277.000000 29507.000000 
25256.000000 29510.000000 
25244.000000 29512.000000 
25381.000000 29471.000000 
25372.000000 29481.000000 
25446.000000 29464.000000 
25465.000000 29462.000000 
25549.000000 29451.000000 
25590.000000 29429.000000 
25628.000000 29421.000000 
25745.000000 29379.000000 
25777.000000 29354.000000 
25796.000000 29351.000000 
25799.000000 29344.000000 
25814.000000 29319.000000 
25772.000000 29355.000000 
25812.000000 29330.000000 
25920.000000 29290.000000 
25899.000000 29295.000000 
25894.000000 29308.000000 
25972.000000 29263.000000 
25974.000000 29260.000000 
25986.000000 29252.000000 
25968.000000 29265.000000 
25977.000000 29259.000000 
26009.000000 29251.000000 
26016.000000 29242.000000 
26056.000000 29230.000000 
26014.000000 29243.000000 
26038.000000 29233.000000 
26136.000000 29178.000000 
26114.000000 29190.000000 
26132.000000 29180.000000 
26158.000000 29159.000000 
26157.000000 29171.000000 
26226.000000 29114.000000 
26222.000000 29121.000000 
26213.000000 29127.000000 
26254.000000 29092.000000 
26242.000000 29102.000000 
26234.000000 29106.000000 
26238.000000 29104.000000 
26403.000000 29054.000000 
26405.000000 29049.000000 
26435.000000 29015.000000 
26408.000000 29045.000000 
26415.000000 29043.000000 
26421.000000 29030.000000 
26601.000000 28892.000000 
26598.000000 28921.000000 
26600.000000 28903.000000 
26679.000000 28841.000000 
26664.000000 28845.000000 
26672.000000 28842.000000 
26656.000000 28872.000000 
26738.000000 28806.000000 
26713.000000 28825.000000 
26714.000000 28817.000000 
26794.000000 28772.000000 
26780.000000 28777.000000 
26770.000000 28787.000000 
26819.000000 28765.000000 
27206.000000 28482.000000 
27220.000000 28456.000000 
27219.000000 28470.000000 
27225.000000 28445.000000 
27279.000000 28442.000000 
27287.000000 28412.000000 
27388.000000 28313.000000 
27356.000000 28344.000000 
27382.000000 28343.000000 
27452.000000 28291.000000 
27479.000000 28285.000000 
27506.000000 28239.000000 
27494.000000 28257.000000 
27498.000000 28250.000000 
27499.000000 28242.000000 
27490.000000 28271.000000 
27503.000000 28241.000000 
27534.000000 28207.000000 
27557.000000 28202.000000 
27569.000000 28194.000000 
27573.000000 28173.000000 
27584.000000 28168.000000 
27643.000000 28120.000000 
27648.000000 28092.000000 
27644.000000 28095.000000 
27658.000000 28086.000000 
27682.000000 28037.000000 
27668.000000 28062.000000 
27799.000000 27903.000000 
27793.000000 27906.000000 
27785.000000 27913.000000 
27852.000000 27849.000000 
27864.000000 27844.000000 
27853.000000 27846.000000 
27969.000000 27722.000000 
27979.000000 27708.000000 
27959.000000 27764.000000 
28007.000000 27682.000000 
28012.000000 27678.000000 
28006.000000 27684.000000 
28026.000000 27665.000000 
28005.000000 27700.000000 
28104.000000 27594.000000 
28093.000000 27605.000000 
28087.000000 27615.000000 
28083.000000 27628.000000 
28096.000000 27596.000000 
28149.000000 27568.000000 
28183.000000 27527.000000 
28184.000000 27517.000000 
28162.000000 27556.000000 
28169.000000 27542.000000 
28216.000000 27471.000000 
28222.000000 27467.000000 
28212.000000 27503.000000 
28280.000000 27393.000000 
28294.000000 27378.000000 
28302.000000 27349.000000 
28285.000000 27386.000000 
28607.000000 27057.000000 
28642.000000 26985.000000 
28658.000000 26941.000000 
28700.000000 26881.000000 
28735.000000 26826.000000 
28746.000000 26795.000000 
28740.000000 26800.000000 
28738.000000 26815.000000 
28831.000000 26646.000000 
28914.000000 26477.000000 
28880.000000 26567.000000 
28895.000000 26531.000000 
28897.000000 26494.000000 
28933.000000 26473.000000 
29027.000000 26320.000000 
29091.000000 26227.000000 
29098.000000 26211.000000 
29105.000000 26197.000000 
29084.000000 26228.000000 
29123.000000 26185.000000 
29141.000000 26134.000000 
29142.000000 26129.000000 
29149.000000 26114.000000 
29133.000000 26138.000000 
29132.000000 26175.000000 
29151.000000 26089.000000 
29152.000000 26073.000000 
29156.000000 26065.000000 
29168.000000 26017.000000 
29181.000000 25998.000000 
29186.000000 25982.000000 
29191.000000 25969.000000 
29203.000000 25932.000000 
29373.000000 25543.000000 
29731.000000 24228.000000 
29735.000000 24215.000000 
29727.000000 24237.000000 
29747.000000 24187.000000 
29789.000000 24116.000000 
29776.000000 24126.000000 
29773.000000 24161.000000 
29812.000000 23899.000000 
29806.000000 24063.000000 
29810.000000 24014.000000 
29818.000000 23851.000000 
29826.000000 23805.000000 
29817.000000 23874.000000 
24960.000000 29585.000000 
25026.000000 29572.000000 
24972.000000 29575.000000 
24936.000000 29590.000000 
24926.000000 29601.000000 
24932.000000 29591.000000 
26907.000000 28727.000000 
26895.000000 28738.000000 
26924.000000 28720.000000 
26974.000000 28697.000000 
26975.000000 28694.000000 
26995.000000 28687.000000 
26964.000000 28711.000000 
26999.000000 28669.000000 
27006.000000 28666.000000 
27020.000000 28658.000000 
27047.000000 28650.000000 
27042.000000 28654.000000 
27048.000000 28632.000000 
27054.000000 28628.000000 
27127.000000 28577.000000 
27133.000000 28572.000000 
27138.000000 28571.000000 
27160.000000 28570.000000 
27193.000000 28532.000000 
27185.000000 28539.000000 
27170.000000 28560.000000 
27182.000000 28552.000000 
27192.000000 28538.000000 
27197.000000 28522.000000 
27203.000000 28511.000000 
27321.000000 28356.000000 
27310.000000 28375.000000 
27419.000000 28301.000000 
27714.000000 27947.000000 
27728.000000 27915.000000 
27699.000000 27959.000000 
27711.000000 27949.000000 
27894.000000 27801.000000 
27882.000000 27830.000000 
27905.000000 27780.000000 
28268.000000 27423.000000 
28246.000000 27465.000000 
28256.000000 27432.000000 
28306.000000 27342.000000 
28353.000000 27308.000000 
28350.000000 27314.000000 
28396.000000 27305.000000 
28414.000000 27298.000000 
28392.000000 27307.000000 
28444.000000 27258.000000 
28417.000000 27295.000000 
28435.000000 27266.000000 
28420.000000 27282.000000 
28473.000000 27214.000000 
28461.000000 27246.000000 
28480.000000 27197.000000 
28474.000000 27208.000000 
28479.000000 27198.000000 
28472.000000 27223.000000 
28485.000000 27193.000000 
28508.000000 27186.000000 
28568.000000 27113.000000 
28552.000000 27169.000000 
28561.000000 27139.000000 
28579.000000 27083.000000 
28566.000000 27124.000000 
28623.000000 27022.000000 
28615.000000 27027.000000 
28629.000000 27020.000000 
28657.000000 26951.000000 
28647.000000 26982.000000 
28667.000000 26926.000000 
28690.000000 26922.000000 
28718.000000 26857.000000 
28695.000000 26901.000000 
28693.000000 26903.000000 
28728.000000 26846.000000 
28719.000000 26855.000000 
28729.000000 26828.000000 
28717.000000 26871.000000 
28721.000000 26851.000000 
28769.000000 26753.000000 
28785.000000 26735.000000 
28767.000000 26788.000000 
28827.000000 26669.000000 
28812.000000 26670.000000 
28803.000000 26702.000000 
28800.000000 26715.000000 
28866.000000 26596.000000 
28868.000000 26595.000000 
28852.000000 26634.000000 
28883.000000 26543.000000 
28967.000000 26447.000000 
28978.000000 26388.000000 
28973.000000 26423.000000 
28981.000000 26376.000000 
28987.000000 26362.000000 
29006.000000 26324.000000 
28991.000000 26346.000000 
28989.000000 26355.000000 
29033.000000 26317.000000 
29051.000000 26273.000000 
29049.000000 26291.000000 
29048.000000 26298.000000 
29078.000000 26241.000000 
29167.000000 26041.000000 
29073.000000 26259.000000 
29175.000000 26005.000000 
29193.000000 25953.000000 
29228.000000 25911.000000 
29234.000000 25894.000000 
29246.000000 25885.000000 
29254.000000 25842.000000 
29240.000000 25892.000000 
29251.000000 25845.000000 
29269.000000 25819.000000 
29286.000000 25773.000000 
29288.000000 25765.000000 
29287.000000 25770.000000 
29278.000000 25796.000000 
29299.000000 25741.000000 
29302.000000 25733.000000 
29308.000000 25730.000000 
29315.000000 25729.000000 
29300.000000 25739.000000 
29330.000000 25717.000000 
29349.000000 25628.000000 
29333.000000 25686.000000 
29348.000000 25678.000000 
29363.000000 25595.000000 
29352.000000 25627.000000 
29397.000000 25524.000000 
29404.000000 25509.000000 
29396.000000 25531.000000 
29400.000000 25521.000000 
29430.000000 25436.000000 
29433.000000 25423.000000 
29443.000000 25414.000000 
29429.000000 25439.000000 
29427.000000 25472.000000 
29458.000000 25353.000000 
29450.000000 25388.000000 
29463.000000 25314.000000 
29452.000000 25370.000000 
29446.000000 25408.000000 
29461.000000 25321.000000 
29470.000000 25267.000000 
29466.000000 25270.000000 
29465.000000 25296.000000 
29507.000000 25135.000000 
29495.000000 25174.000000 
29516.000000 25118.000000 
29490.000000 25180.000000 
29488.000000 25192.000000 
29531.000000 25060.000000 
29523.000000 25085.000000 
29555.000000 24962.000000 
29544.000000 24986.000000 
29565.000000 24852.000000 
29558.000000 24861.000000 
29577.000000 24790.000000 
29593.000000 24753.000000 
29608.000000 24698.000000 
29613.000000 24677.000000 
29603.000000 24727.000000 
29617.000000 24667.000000 
29622.000000 24665.000000 
29633.000000 24638.000000 
29634.000000 24601.000000 
29640.000000 24579.000000 
29692.000000 24437.000000 
29689.000000 24444.000000 
29704.000000 24366.000000 
29687.000000 24543.000000 
29712.000000 24309.000000 
29713.000000 24298.000000 
29717.000000 24288.000000 
29711.000000 24336.000000 

23774.000000 29865.000000 
23750.000000 29869.000000 
23887.000000 29851.000000 
23867.000000 29861.000000 
23872.000000 29856.000000 
23937.000000 29848.000000 
24000.000000 29812.000000 
24023.000000 29811.000000 
23963.000000 29814.000000 
23942.000000 29825.000000 
23947.000000 29816.000000 
23967.000000 29813.000000 
24130.000000 29776.000000 
24086.000000 29797.000000 
24074.000000 29802.000000 
24125.000000 29790.000000 
24299.000000 29739.000000 
24282.000000 29745.000000 
24278.000000 29755.000000 
24505.000000 29721.000000 
24579.000000 29718.000000 
24600.000000 29697.000000 
24621.000000 29694.000000 
24845.000000 29679.000000 
24876.000000 29664.000000 
24998.000000 29624.000000 
25117.000000 29584.000000 
25111.000000 29587.000000 
25127.000000 29581.000000 
25188.000000 29564.000000 
25185.000000 29580.000000 
25231.000000 29562.000000 
25251.000000 29547.000000 
25241.000000 29555.000000 
25242.000000 29552.000000 
25290.000000 29546.000000 
25301.000000 29541.000000 
25307.000000 29540.000000 
25451.000000 29510.000000 
25444.000000 29539.000000 
25460.000000 29505.000000 
25449.000000 29511.000000 
25472.000000 29503.000000 
25528.000000 29492.000000 
25523.000000 29496.000000 
25544.000000 29483.000000 
25525.000000 29495.000000 
25532.000000 29490.000000 
25631.000000 29452.000000 
25589.000000 29461.000000 
25651.000000 29439.000000 
25702.000000 29426.000000 
25762.000000 29400.000000 
25724.000000 29416.000000 
25755.000000 29405.000000 
25806.000000 29378.000000 
25805.000000 29392.000000 
25828.000000 29373.000000 
25851.000000 29359.000000 
25859.000000 29356.000000 
25883.000000 29346.000000 
25846.000000 29372.000000 
26134.000000 29179.000000 
26177.000000 29162.000000 
26183.000000 29156.000000 
26169.000000 29173.000000 
26204.000000 29148.000000 
26225.000000 29142.000000 
26236.000000 29141.000000 
26279.000000 29107.000000 
26264.000000 29120.000000 
26269.000000 29110.000000 
26253.000000 29121.000000 
26290.000000 29101.000000 
26309.000000 29079.000000 
26337.000000 29068.000000 
26359.000000 29060.000000 
26482.000000 28976.000000 
26496.000000 28969.000000 
26508.000000 28953.000000 
26541.000000 28941.000000 
26500.000000 28963.000000 
26498.000000 28968.000000 
26544.000000 28934.000000 
26547.000000 28932.000000 
26551.000000 28929.000000 
26586.000000 28925.000000 
26610.000000 28894.000000 
26635.000000 28887.000000 
26592.000000 28916.000000 
26741.000000 28812.000000 
26713.000000 28828.000000 
26767.000000 28799.000000 
26789.000000 28796.000000 
26806.000000 28777.000000 
26839.000000 28751.000000 
26810.000000 28773.000000 
26819.000000 28760.000000 
26936.000000 28672.000000 
26921.000000 28679.000000 
26949.000000 28656.000000 
26962.000000 28643.000000 
26987.000000 28611.000000 
26982.000000 28619.000000 
26979.000000 28626.000000 
27075.000000 28575.000000 
27083.000000 28570.000000 
27094.000000 28562.000000 
27101.000000 28557.000000 
27138.000000 28523.000000 
27120.000000 28544.000000 
27104.000000 28549.000000 
27129.000000 28527.000000 
27200.000000 28489.000000 
27184.000000 28491.000000 
27212.000000 28463.000000 
27250.000000 28441.000000 
27234.000000 28458.000000 
27285.000000 28427.000000 
27310.000000 28391.000000 
27306.000000 28400.000000 
27286.000000 28414.000000 
27386.000000 28342.000000 
27393.000000 28318.000000 
27388.000000 28330.000000 
27432.000000 28317.000000 
27437.000000 28299.000000 
27439.000000 28297.000000 
27455.000000 28284.000000 
27451.000000 28293.000000 
27474.000000 28277.000000 
27466.000000 28279.000000 
27456.000000 28283.000000 
27487.000000 28267.000000 
27493.000000 28260.000000 
27506.000000 28243.000000 
27513.000000 28242.000000 
27538.000000 28217.000000 
27531.000000 28221.000000 
27522.000000 28222.000000 
27565.000000 28187.000000 
27608.000000 28152.000000 
27557.000000 28199.000000 
27568.000000 28163.000000 
27567.000000 28176.000000 
27742.000000 27991.000000 
27748.000000 27985.000000 
27764.000000 27978.000000 
27741.000000 28009.000000 
27780.000000 27950.000000 
27767.000000 27951.000000 
27792.000000 27942.000000 
27812.000000 27914.000000 
27834.000000 27892.000000 
27832.000000 27900.000000 
27824.000000 27905.000000 
27875.000000 27858.000000 
27897.000000 27825.000000 
27858.000000 27860.000000 
27851.000000 27883.000000 
27912.000000 27806.000000 
27899.000000 27818.000000 
27900.000000 27809.000000 
27960.000000 27735.000000 
27950.000000 27740.000000 
27936.000000 27751.000000 
27940.000000 27748.000000 
27943.000000 27741.000000 
28026.000000 27654.000000 
27991.000000 27699.000000 
27997.000000 27679.000000 
28010.000000 27667.000000 
27984.000000 27709.000000 
28128.000000 27513.000000 
28117.000000 27538.000000 
28118.000000 27528.000000 
28133.000000 27510.000000 
28119.000000 27525.000000 
28177.000000 27458.000000 
28191.000000 27444.000000 
28158.000000 27495.000000 
28157.000000 27497.000000 
28172.000000 27471.000000 
28183.000000 27457.000000 
28222.000000 27422.000000 
28227.000000 27399.000000 
28272.000000 27389.000000 
28294.000000 27349.000000 
28283.000000 27385.000000 
28304.000000 27346.000000 
28288.000000 27374.000000 
28343.000000 27341.000000 
28344.000000 27330.000000 
28374.000000 27300.000000 
28390.000000 27284.000000 
28421.000000 27235.000000 
28431.000000 27215.000000 
28422.000000 27228.000000 
28478.000000 27151.000000 
28471.000000 27163.000000 
28467.000000 27176.000000 
28513.000000 27107.000000 
28510.000000 27112.000000 
28506.000000 27122.000000 
28516.000000 27102.000000 
28537.000000 27090.000000 
28523.000000 27092.000000 
28490.000000 27127.000000 
28572.000000 27020.000000 
28580.000000 26987.000000 
28576.000000 27000.000000 
28592.000000 26964.000000 
28607.000000 26939.000000 
28597.000000 26947.000000 
28619.000000 26910.000000 
28590.000000 26969.000000 
28616.000000 26922.000000 
28635.000000 26893.000000 
28654.000000 26885.000000 
28666.000000 26860.000000 
28741.000000 26761.000000 
28775.000000 26734.000000 
28777.000000 26694.000000 
29079.000000 26181.000000 
29067.000000 26218.000000 
29165.000000 26001.000000 
29171.000000 25969.000000 
29155.000000 26046.000000 
29157.000000 26013.000000 
29198.000000 25924.000000 
29205.000000 25906.000000 
29216.000000 25888.000000 
29213.000000 25900.000000 
29254.000000 25800.000000 
29445.000000 25344.000000 
29477.000000 25253.000000 
29473.000000 25326.000000 
29619.000000 24849.000000 
29617.000000 24883.000000 
29644.000000 24776.000000 
29694.000000 24637.000000 
29706.000000 24524.000000 
29704.000000 24563.000000 
29727.000000 24480.000000 
29809.000000 24236.000000 
29792.000000 24345.000000 
29839.000000 24116.000000 
29817.000000 24183.000000 
29834.000000 24126.000000 
29843.000000 24093.000000 
29857.000000 24032.000000 
29871.000000 24024.000000 
29848.000000 24044.000000 
25062.000000 29613.000000 
25100.000000 29604.000000 
26432.000000 29016.000000 
26450.000000 29012.000000 
26435.000000 29015.000000 
26402.000000 29041.000000 
26418.000000 29034.000000 
26401.000000 29048.000000 
26408.000000 29037.000000 
26430.000000 29027.000000 
28862.000000 26592.000000 
28843.000000 26631.000000 
28832.000000 26633.000000 
28809.000000 26660.000000 
28805.000000 26685.000000 
28829.000000 26656.000000 
28806.000000 26661.000000 
28874.000000 26577.000000 
28929.000000 26541.000000 
28913.000000 26572.000000 
28928.000000 26563.000000 
28939.000000 26526.000000 
28946.000000 26508.000000 
28938.000000 26527.000000 
28942.000000 26509.000000 
28952.000000 26506.000000 
28968.000000 26466.000000 
28964.000000 26501.000000 
28965.000000 26468.000000 
29006.000000 26404.000000 
29013.000000 26397.000000 
29024.000000 26342.000000 
29014.000000 26382.000000 
29023.000000 26345.000000 
29017.000000 26372.000000 
29030.000000 26333.000000 
29018.000000 26347.000000 
29037.000000 26328.000000 
29053.000000 26281.000000 
29056.000000 26226.000000 
29073.000000 26207.000000 
29095.000000 26141.000000 
29091.000000 26168.000000 
29109.000000 26121.000000 
29098.000000 26138.000000 
29134.000000 26077.000000 
29272.000000 25779.000000 
29156.000000 26030.000000 
29183.000000 25961.000000 
29195.000000 25958.000000 
29182.000000 25966.000000 
29199.000000 25917.000000 
29251.000000 25850.000000 
29226.000000 25880.000000 
29229.000000 25859.000000 
29325.000000 25764.000000 
29329.000000 25732.000000 
29331.000000 25708.000000 
29356.000000 25694.000000 
29377.000000 25597.000000 
29366.000000 25657.000000 
29378.000000 25569.000000 
29394.000000 25510.000000 
29393.000000 25548.000000 
29403.000000 25488.000000 
29407.000000 25469.000000 
29399.000000 25503.000000 
29404.000000 25476.000000 
29408.000000 25451.000000 
29411.000000 25392.000000 
29409.000000 25407.000000 
29414.000000 25390.000000 
29426.000000 25365.000000 
29441.000000 25349.000000 
29488.000000 25241.000000 
29520.000000 25224.000000 
29524.000000 25186.000000 
29530.000000 25184.000000 
29532.000000 25168.000000 
29537.000000 25117.000000 
29554.000000 25106.000000 
29574.000000 25090.000000 
29578.000000 25025.000000 
29584.000000 25014.000000 
29594.000000 24970.000000 
29601.000000 24965.000000 
29593.000000 24998.000000 
29623.000000 24826.000000 
29626.000000 24788.000000 
29688.000000 24645.000000 
29686.000000 24738.000000 
29698.000000 24591.000000 
29708.000000 24491.000000 
29758.000000 24447.000000 
29778.000000 24396.000000 
29799.000000 24309.000000 

23806.000000 29919.000000 
23811.000000 29917.000000 
23923.000000 29910.000000 
23938.000000 29909.000000 
23914.000000 29916.000000 
23994.000000 29900.000000 
24014.000000 29890.000000 
24068.000000 29881.000000 
24027.000000 29889.000000 
24001.000000 29891.000000 
24058.000000 29883.000000 
24096.000000 29878.000000 
24071.000000 29879.000000 
24152.000000 29870.000000 
24115.000000 29874.000000 
24134.000000 29873.000000 
24218.000000 29860.000000 
24220.000000 29840.000000 
24221.000000 29820.000000 
24496.000000 29791.000000 
24536.000000 29779.000000 
24477.000000 29802.000000 
24649.000000 29763.000000 
24623.000000 29767.000000 
24665.000000 29761.000000 
24630.000000 29766.000000 
24704.000000 29742.000000 
24694.000000 29758.000000 
24714.000000 29739.000000 
24770.000000 29737.000000 
24806.000000 29732.000000 
24776.000000 29733.000000 
24829.000000 29729.000000 
24883.000000 29727.000000 
24895.000000 29715.000000 
24920.000000 29713.000000 
24888.000000 29718.000000 
25068.000000 29649.000000 
24972.000000 29678.000000 
25017.000000 29657.000000 
25006.000000 29666.000000 
25008.000000 29659.000000 
24977.000000 29671.000000 
25151.000000 29613.000000 
25189.000000 29604.000000 
25127.000000 29618.000000 
25274.000000 29583.000000 
25263.000000 29587.000000 
25294.000000 29573.000000 
25328.000000 29569.000000 
25417.000000 29563.000000 
25418.000000 29544.000000 
25421.000000 29542.000000 
25453.000000 29541.000000 
25476.000000 29530.000000 
25481.000000 29529.000000 
25467.000000 29536.000000 
25493.000000 29528.000000 
25471.000000 29533.000000 
25572.000000 29505.000000 
25594.000000 29502.000000 
25561.000000 29520.000000 
25547.000000 29526.000000 
25562.000000 29513.000000 
25606.000000 29491.000000 
25644.000000 29486.000000 
25631.000000 29488.000000 
25664.000000 29469.000000 
25648.000000 29475.000000 
25759.000000 29413.000000 
25843.000000 29412.000000 
25894.000000 29388.000000 
25848.000000 29408.000000 
25855.000000 29403.000000 
25870.000000 29397.000000 
25939.000000 29367.000000 
25898.000000 29378.000000 
25900.000000 29375.000000 
25919.000000 29370.000000 
26025.000000 29284.000000 
26041.000000 29276.000000 
26013.000000 29298.000000 
26044.000000 29267.000000 
26058.000000 29249.000000 
26050.000000 29255.000000 
26094.000000 29241.000000 
26066.000000 29248.000000 
26111.000000 29219.000000 
26295.000000 29109.000000 
26233.000000 29138.000000 
26266.000000 29132.000000 
26232.000000 29140.000000 
26248.000000 29137.000000 
26276.000000 29123.000000 
26227.000000 29165.000000 
26431.000000 29038.000000 
26457.000000 29020.000000 
26440.000000 29028.000000 
26467.000000 29017.000000 
26548.000000 28970.000000 
26528.000000 28971.000000 
26527.000000 28979.000000 
26568.000000 28958.000000 
26582.000000 28940.000000 
26601.000000 28939.000000 
26621.000000 28919.000000 
26638.000000 28913.000000 
26649.000000 28905.000000 
26639.000000 28912.000000 
26663.000000 28897.000000 
26647.000000 28910.000000 
26690.000000 28885.000000 
26721.000000 28859.000000 
26710.000000 28882.000000 
26823.000000 28789.000000 
26803.000000 28792.000000 
26830.000000 28779.000000 
26799.000000 28796.000000 
26838.000000 28770.000000 
26888.000000 28730.000000 
26877.000000 28756.000000 
26892.000000 28725.000000 
26880.000000 28741.000000 
27082.000000 28599.000000 
27006.000000 28616.000000 
27113.000000 28554.000000 
27112.000000 28562.000000 
27105.000000 28577.000000 
27198.000000 28469.000000 
27230.000000 28426.000000 
27212.000000 28452.000000 
27423.000000 28191.000000 
27418.000000 28199.000000 
27507.000000 28118.000000 
27523.000000 28105.000000 
27527.000000 28093.000000 
27567.000000 28056.000000 
27555.000000 28065.000000 
27559.000000 28058.000000 
27552.000000 28086.000000 
27553.000000 28082.000000 
27624.000000 28014.000000 
28030.000000 27648.000000 
28905.000000 26513.000000 
28907.000000 26506.000000 
28916.000000 26492.000000 
28900.000000 26529.000000 
28921.000000 26480.000000 
28928.000000 26462.000000 
28935.000000 26459.000000 
28939.000000 26431.000000 
28966.000000 26402.000000 
29010.000000 26346.000000 
28978.000000 26354.000000 
29036.000000 26257.000000 
29048.000000 26251.000000 
29081.000000 26194.000000 
29052.000000 26228.000000 
29055.000000 26216.000000 
29067.000000 26215.000000 
29106.000000 26148.000000 
29116.000000 26144.000000 
29121.000000 26135.000000 
29141.000000 26092.000000 
29135.000000 26104.000000 
29147.000000 26082.000000 
29137.000000 26102.000000 
29163.000000 26026.000000 
29162.000000 26061.000000 
29151.000000 26067.000000 
29150.000000 26081.000000 
29181.000000 25975.000000 
29164.000000 26023.000000 
29175.000000 25990.000000 
29194.000000 25938.000000 
29197.000000 25920.000000 
29187.000000 25961.000000 
29184.000000 25964.000000 
29269.000000 25799.000000 
29249.000000 25848.000000 
29251.000000 25827.000000 
29293.000000 25739.000000 
29323.000000 25666.000000 
29315.000000 25728.000000 
29340.000000 25597.000000 
29366.000000 25544.000000 
29362.000000 25572.000000 
29364.000000 25552.000000 
29281.000000 25740.000000 
29336.000000 25607.000000 
29328.000000 25612.000000 
29327.000000 25630.000000 
29396.000000 25433.000000 
29502.000000 25115.000000 
29507.000000 25090.000000 
29531.000000 25053.000000 
29572.000000 25013.000000 
29581.000000 24948.000000 
29628.000000 24823.000000 
29620.000000 24836.000000 
29576.000000 24957.000000 
29582.000000 24940.000000 
29574.000000 24984.000000 
29605.000000 24911.000000 
29606.000000 24837.000000 
29575.000000 24960.000000 
29536.000000 25031.000000 
29522.000000 25078.000000 
29591.000000 24938.000000 
27810.000000 27901.000000 
27735.000000 27986.000000 
27745.000000 27979.000000 
27782.000000 27941.000000 
27731.000000 27993.000000 
27751.000000 27965.000000 
27738.000000 27982.000000 
27781.000000 27963.000000 
27795.000000 27903.000000 
27791.000000 27918.000000 
27837.000000 27881.000000 
27844.000000 27880.000000 
27848.000000 27874.000000 
27849.000000 27867.000000 
27851.000000 27863.000000 
27871.000000 27846.000000 
27869.000000 27847.000000 
27867.000000 27856.000000 
27872.000000 27841.000000 
27888.000000 27838.000000 
27889.000000 27831.000000 
27904.000000 27817.000000 
27912.000000 27807.000000 
27925.000000 27776.000000 
27954.000000 27766.000000 
27964.000000 27748.000000 
27981.000000 27721.000000 
27996.000000 27708.000000 
28004.000000 27696.000000 
28002.000000 27700.000000 
27990.000000 27712.000000 
28013.000000 27681.000000 
28011.000000 27683.000000 
28029.000000 27662.000000 
28108.000000 27579.000000 
28081.000000 27604.000000 
28096.000000 27601.000000 
28166.000000 27555.000000 
28169.000000 27521.000000 
28173.000000 27517.000000 
28202.000000 27488.000000 
28175.000000 27503.000000 
28186.000000 27499.000000 
28227.000000 27455.000000 
28232.000000 27439.000000 
28231.000000 27440.000000 
28303.000000 27394.000000 
28292.000000 27396.000000 
28314.000000 27372.000000 
28329.000000 27356.000000 
28350.000000 27347.000000 
28322.000000 27365.000000 
28374.000000 27309.000000 
28362.000000 27338.000000 
28400.000000 27286.000000 
28364.000000 27314.000000 
28376.000000 27288.000000 
28427.000000 27233.000000 
28405.000000 27246.000000 
28401.000000 27248.000000 
28430.000000 27229.000000 
28526.000000 27132.000000 
28480.000000 27203.000000 
28486.000000 27148.000000 
28483.000000 27168.000000 
28544.000000 27110.000000 
28556.000000 27074.000000 
28552.000000 27090.000000 
28554.000000 27083.000000 
28566.000000 27057.000000 
28577.000000 27033.000000 
28567.000000 27045.000000 
28592.000000 27028.000000 
28573.000000 27035.000000 
28678.000000 26938.000000 
28631.000000 26955.000000 
28682.000000 26930.000000 
28632.000000 26950.000000 
28625.000000 26981.000000 
28729.000000 26876.000000 
28750.000000 26846.000000 
28746.000000 26850.000000 
28753.000000 26834.000000 
28744.000000 26861.000000 
28742.000000 26875.000000 
28769.000000 26818.000000 
28777.000000 26768.000000 
28776.000000 26780.000000 
28806.000000 26741.000000 
28830.000000 26722.000000 
28837.000000 26700.000000 
28855.000000 26691.000000 
28858.000000 26642.000000 
28895.000000 26593.000000 
28884.000000 26625.000000 
28888.000000 26609.000000 
28890.000000 26595.000000 
28896.000000 26575.000000 
28974.000000 26390.000000 
28959.000000 26426.000000 
29054.000000 26217.000000 
29212.000000 25895.000000 
29023.000000 26272.000000 
29020.000000 26278.000000 
29027.000000 26264.000000 
29089.000000 26171.000000 
29220.000000 25870.000000 
29230.000000 25856.000000 
29381.000000 25500.000000 
29386.000000 25494.000000 
29387.000000 25458.000000 
29393.000000 25447.000000 
29408.000000 25405.000000 
29406.000000 25410.000000 
29423.000000 25345.000000 
29425.000000 25336.000000 
29409.000000 25357.000000 
29466.000000 25180.000000 
29441.000000 25295.000000 
29459.000000 25231.000000 
29443.000000 25279.000000 
29453.000000 25243.000000 
29447.000000 25260.000000 
29462.000000 25191.000000 
29493.000000 25120.000000 
29489.000000 25129.000000 
29488.000000 25153.000000 
29508.000000 25089.000000 
29658.000000 24639.000000 
29664.000000 24542.000000 
29661.000000 24628.000000 
29651.000000 24650.000000 
29676.000000 24517.000000 
29684.000000 24466.000000 
29683.000000 24500.000000 
29700.000000 24455.000000 
29710.000000 24377.000000 
29707.000000 24394.000000 
29709.000000 24380.000000 
29724.000000 24299.000000 
29717.000000 24351.000000 
29714.000000 24364.000000 
29743.000000 24259.000000 
29726.000000 24260.000000 
29757.000000 24148.000000 
29780.000000 24100.000000 
29771.000000 24137.000000 
29822.000000 23951.000000 
29830.000000 23950.000000 
29820.000000 23958.000000 
29838.000000 23929.000000 
29836.000000 23947.000000 
29842.000000 23863.000000 
29846.000000 23826.000000 
29860.000000 23786.000000 
29850.000000 23824.000000 

23893.000000 29892.000000 
23954.000000 29879.000000 
24042.000000 29868.000000 
24008.000000 29869.000000 
24004.000000 29876.000000 
24088.000000 29865.000000 
24131.000000 29848.000000 
24125.000000 29856.000000 
24090.000000 29863.000000 
24264.000000 29834.000000 
24326.000000 29819.000000 
24315.000000 29822.000000 
24350.000000 29818.000000 
24400.000000 29814.000000 
24468.000000 29800.000000 
24514.000000 29785.000000 
24494.000000 29787.000000 
24574.000000 29700.000000 
24549.000000 29743.000000 
24525.000000 29746.000000 
24757.000000 29658.000000 
24741.000000 29677.000000 
24783.000000 29646.000000 
25057.000000 29521.000000 
25047.000000 29525.000000 
25031.000000 29531.000000 
25026.000000 29538.000000 
25177.000000 29467.000000 
25161.000000 29476.000000 
25166.000000 29471.000000 
25159.000000 29485.000000 
25190.000000 29458.000000 
25205.000000 29448.000000 
25510.000000 29320.000000 
25495.000000 29341.000000 
25526.000000 29309.000000 
25496.000000 29335.000000 
25602.000000 29277.000000 
25637.000000 29268.000000 
25644.000000 29258.000000 
25753.000000 29251.000000 
25772.000000 29239.000000 
25800.000000 29226.000000 
25924.000000 29173.000000 
25940.000000 29159.000000 
25910.000000 29185.000000 
26063.000000 29128.000000 
26100.000000 29119.000000 
26140.000000 29112.000000 
26144.000000 29110.000000 
26162.000000 29099.000000 
26245.000000 29058.000000 
26259.000000 29054.000000 
26297.000000 29052.000000 
26305.000000 29048.000000 
26312.000000 29030.000000 
26335.000000 29028.000000 
26363.000000 29022.000000 
26384.000000 29016.000000 
26417.000000 29013.000000 
26464.000000 29001.000000 
26463.000000 29007.000000 
26508.000000 28987.000000 
26493.000000 28998.000000 
26546.000000 28958.000000 
26529.000000 28970.000000 
26553.000000 28932.000000 
26567.000000 28911.000000 
26566.000000 28926.000000 
26665.000000 28866.000000 
26657.000000 28870.000000 
26669.000000 28865.000000 
26705.000000 28862.000000 
26748.000000 28848.000000 
26799.000000 28784.000000 
26844.000000 28762.000000 
26834.000000 28781.000000 
26818.000000 28782.000000 
26952.000000 28669.000000 
26941.000000 28680.000000 
26951.000000 28670.000000 
26939.000000 28682.000000 
26966.000000 28661.000000 
26980.000000 28649.000000 
26967.000000 28651.000000 
26956.000000 28665.000000 
27068.000000 28552.000000 
27071.000000 28535.000000 
27075.000000 28529.000000 
27079.000000 28520.000000 
27175.000000 28446.000000 
27154.000000 28455.000000 
27152.000000 28468.000000 
27309.000000 28316.000000 
27331.000000 28302.000000 
27298.000000 28326.000000 
27344.000000 28287.000000 
27404.000000 28255.000000 
27400.000000 28262.000000 
27414.000000 28243.000000 
27406.000000 28250.000000 
27437.000000 28237.000000 
27463.000000 28191.000000 
27445.000000 28200.000000 
27512.000000 28143.000000 
27482.000000 28170.000000 
27491.000000 28156.000000 
27472.000000 28184.000000 
27480.000000 28179.000000 
27562.000000 28102.000000 
27589.000000 28086.000000 
27601.000000 28082.000000 
27634.000000 28067.000000 
27643.000000 28040.000000 
27651.000000 28033.000000 
27656.000000 28024.000000 
27646.000000 28039.000000 
27641.000000 28045.000000 
27652.000000 28032.000000 
27647.000000 28036.000000 
27724.000000 27958.000000 
27691.000000 27991.000000 
27706.000000 27981.000000 
27708.000000 27962.000000 
27743.000000 27935.000000 
27759.000000 27918.000000 
27791.000000 27862.000000 
27770.000000 27883.000000 
27775.000000 27867.000000 
27774.000000 27868.000000 
27796.000000 27857.000000 
27784.000000 27866.000000 
27798.000000 27850.000000 
27806.000000 27849.000000 
27872.000000 27779.000000 
27831.000000 27819.000000 
28001.000000 27613.000000 
27976.000000 27653.000000 
27974.000000 27656.000000 
27979.000000 27652.000000 
28134.000000 27455.000000 
28112.000000 27506.000000 
28127.000000 27489.000000 
28225.000000 27384.000000 
28259.000000 27339.000000 
28230.000000 27382.000000 
28236.000000 27352.000000 
28309.000000 27300.000000 
28331.000000 27273.000000 
28453.000000 27120.000000 
28441.000000 27127.000000 
28439.000000 27141.000000 
28449.000000 27126.000000 
28499.000000 27112.000000 
28539.000000 27062.000000 
28541.000000 27059.000000 
28533.000000 27080.000000 
28551.000000 27051.000000 
28579.000000 27045.000000 
28583.000000 27018.000000 
28588.000000 27004.000000 
28587.000000 27017.000000 
28582.000000 27023.000000 
28604.000000 26994.000000 
28613.000000 26989.000000 
28637.000000 26981.000000 
28630.000000 26985.000000 
28651.000000 26963.000000 
28639.000000 26973.000000 
28640.000000 26969.000000 
28646.000000 26967.000000 
28668.000000 26922.000000 
28664.000000 26927.000000 
28663.000000 26950.000000 
28687.000000 26906.000000 
28677.000000 26908.000000 
28692.000000 26895.000000 
28712.000000 26852.000000 
28696.000000 26876.000000 
28728.000000 26846.000000 
28741.000000 26815.000000 
28767.000000 26781.000000 
28764.000000 26787.000000 
28760.000000 26788.000000 
28771.000000 26769.000000 
28774.000000 26755.000000 
28796.000000 26752.000000 
28798.000000 26731.000000 
28799.000000 26707.000000 
28825.000000 26695.000000 
28805.000000 26702.000000 
28845.000000 26634.000000 
28857.000000 26620.000000 
28836.000000 26645.000000 
28828.000000 26682.000000 
28918.000000 26539.000000 
28878.000000 26610.000000 
28966.000000 26437.000000 
28985.000000 26384.000000 
28950.000000 26473.000000 
28976.000000 26410.000000 
28977.000000 26392.000000 
29004.000000 26327.000000 
28989.000000 26369.000000 
28988.000000 26375.000000 
29003.000000 26355.000000 
28987.000000 26383.000000 
28998.000000 26368.000000 
29053.000000 26275.000000 
29064.000000 26243.000000 
29049.000000 26298.000000 
29070.000000 26214.000000 
29080.000000 26172.000000 
29076.000000 26202.000000 
29360.000000 25656.000000 
29624.000000 24787.000000 
29641.000000 24736.000000 
24976.000000 29624.000000 
24945.000000 29633.000000 
25005.000000 29621.000000 
26917.000000 28725.000000 
26934.000000 28712.000000 
29201.000000 26077.000000 
29182.000000 26103.000000 
29186.000000 26080.000000 
29176.000000 26115.000000 
29163.000000 26136.000000 
29171.000000 26126.000000 
29155.000000 26163.000000 
29158.000000 26147.000000 
29165.000000 26135.000000 
29159.000000 26137.000000 
29185.000000 26094.000000 
29202.000000 26061.000000 
29223.000000 26035.000000 
29215.000000 26047.000000 
29219.000000 26037.000000 
29213.000000 26049.000000 
29236.000000 26027.000000 
29212.000000 26056.000000 
29230.000000 26031.000000 
29264.000000 25982.000000 
29252.000000 26018.000000 
29270.000000 25979.000000 
29253.000000 26013.000000 
29282.000000 25951.000000 
29260.000000 25999.000000 
29284.000000 25823.000000 
29296.000000 25821.000000 
29308.000000 25772.000000 
29324.000000 25755.000000 
29355.000000 25707.000000 
29344.000000 25751.000000 
29401.000000 25587.000000 
29424.000000 25506.000000 
29421.000000 25550.000000 
29449.000000 25481.000000 
29495.000000 25361.000000 
29470.000000 25411.000000 
29502.000000 25358.000000 
29478.000000 25409.000000 
29488.000000 25364.000000 
29528.000000 25200.000000 
29520.000000 25282.000000 
29544.000000 25163.000000 
29556.000000 25138.000000 
29568.000000 25095.000000 
29571.000000 25051.000000 
29559.000000 25098.000000 
29592.000000 24983.000000 
29585.000000 25048.000000 
29623.000000 24832.000000 
29619.000000 24857.000000 
29609.000000 24908.000000 
29604.000000 24922.000000 
29630.000000 24772.000000 
29615.000000 24906.000000 
29658.000000 24688.000000 
29676.000000 24649.000000 
29672.000000 24654.000000 
29686.000000 24605.000000 
29678.000000 24607.000000 
29699.000000 24566.000000 
29692.000000 24585.000000 
29709.000000 24498.000000 
29735.000000 24482.000000 
29717.000000 24485.000000 
29739.000000 24432.000000 
29746.000000 24414.000000 
29764.000000 24355.000000 
29749.000000 24367.000000 
29752.000000 24358.000000 
29778.000000 24311.000000 
29773.000000 24321.000000 
29770.000000 24350.000000 
29796.000000 24245.000000 
29790.000000 24262.000000 
29802.000000 24200.000000 
29804.000000 24131.000000 
29833.000000 24072.000000 
29831.000000 24122.000000 
29857.000000 24065.000000 
29828.000000 24127.000000 
29881.000000 24033.000000 
29888.000000 23900.000000 
29880.000000 24058.000000 

23367.000000 29860.000000 
23465.000000 29844.000000 
23556.000000 29843.000000 
23450.000000 29850.000000 
23624.000000 29814.000000 
23616.000000 29829.000000 
23591.000000 29836.000000 
23756.000000 29788.000000 
23806.000000 29784.000000 
23808.000000 29773.000000 
23903.000000 29771.000000 
23959.000000 29770.000000 
23963.000000 29762.000000 
24639.000000 29726.000000 
24663.000000 29723.000000 
24651.000000 29724.000000 
24715.000000 29720.000000 
24770.000000 29716.000000 
24778.000000 29706.000000 
24813.000000 29704.000000 
24909.000000 29670.000000 
24859.000000 29694.000000 
24885.000000 29683.000000 
24941.000000 29665.000000 
25000.000000 29644.000000 
24951.000000 29659.000000 
24983.000000 29655.000000 
25015.000000 29638.000000 
24993.000000 29647.000000 
25080.000000 29618.000000 
25039.000000 29637.000000 
25059.000000 29635.000000 
25081.000000 29614.000000 
25078.000000 29624.000000 
25101.000000 29604.000000 
25153.000000 29590.000000 
25176.000000 29586.000000 
25225.000000 29554.000000 
25230.000000 29546.000000 
25210.000000 29578.000000 
25212.000000 29560.000000 
25262.000000 29545.000000 
25319.000000 29528.000000 
25284.000000 29543.000000 
25321.000000 29524.000000 
25377.000000 29513.000000 
25357.000000 29518.000000 
25407.000000 29503.000000 
27133.000000 28456.000000 
27601.000000 28096.000000 
27634.000000 28071.000000 
27607.000000 28095.000000 
27594.000000 28126.000000 
27697.000000 27994.000000 
27731.000000 27989.000000 
27792.000000 27921.000000 
27844.000000 27866.000000 
27830.000000 27876.000000 
27923.000000 27778.000000 
27895.000000 27786.000000 
28427.000000 27242.000000 
28434.000000 27238.000000 
28446.000000 27209.000000 
28441.000000 27213.000000 
28459.000000 27175.000000 
28456.000000 27194.000000 
28467.000000 27168.000000 
28469.000000 27164.000000 
28473.000000 27163.000000 
28502.000000 27132.000000 
28501.000000 27134.000000 
28487.000000 27159.000000 
28485.000000 27161.000000 
28490.000000 27141.000000 
28521.000000 27121.000000 
28530.000000 27102.000000 
28531.000000 27090.000000 
28543.000000 27071.000000 
28554.000000 27044.000000 
28567.000000 27038.000000 
28632.000000 26915.000000 
28629.000000 26923.000000 
28639.000000 26908.000000 
28801.000000 26716.000000 
28792.000000 26729.000000 
28794.000000 26721.000000 
28803.000000 26708.000000 
28845.000000 26648.000000 
28833.000000 26657.000000 
28857.000000 26609.000000 
28855.000000 26625.000000 
28864.000000 26591.000000 
28862.000000 26597.000000 
28871.000000 26578.000000 
28882.000000 26561.000000 
28900.000000 26535.000000 
29020.000000 26307.000000 
29081.000000 26214.000000 
29153.000000 26051.000000 
29136.000000 26082.000000 
29170.000000 25997.000000 
29182.000000 25979.000000 
29176.000000 25996.000000 
29159.000000 26001.000000 
29193.000000 25969.000000 
29413.000000 25434.000000 
29442.000000 25363.000000 
29502.000000 25206.000000 
29508.000000 25188.000000 
29521.000000 25139.000000 
29513.000000 25185.000000 
29517.000000 25159.000000 
29541.000000 25117.000000 
29519.000000 25147.000000 
29528.000000 25131.000000 
29549.000000 25049.000000 
29547.000000 25086.000000 
29561.000000 25029.000000 
29579.000000 24943.000000 
29588.000000 24925.000000 
29591.000000 24910.000000 
29610.000000 24857.000000 
29596.000000 24891.000000 
29603.000000 24862.000000 
29602.000000 24866.000000 
29600.000000 24877.000000 
29613.000000 24803.000000 
29620.000000 24778.000000 
29617.000000 24784.000000 
29612.000000 24815.000000 
29614.000000 24791.000000 
29646.000000 24712.000000 
29668.000000 24692.000000 
29645.000000 24741.000000 
29655.000000 24703.000000 
29674.000000 24644.000000 
29726.000000 24494.000000 
29712.000000 24556.000000 
29719.000000 24511.000000 
29699.000000 24623.000000 
29671.000000 24655.000000 
29621.000000 24772.000000 
24516.000000 29740.000000 
24437.000000 29759.000000 
24493.000000 29753.000000 
24510.000000 29743.000000 
24548.000000 29730.000000 
25587.000000 29456.000000 
25618.000000 29455.000000 
25651.000000 29441.000000 
25668.000000 29435.000000 
25733.000000 29409.000000 
25751.000000 29408.000000 
25782.000000 29403.000000 
25724.000000 29433.000000 
25763.000000 29407.000000 
25800.000000 29400.000000 
25801.000000 29392.000000 
25810.000000 29390.000000 
25846.000000 29378.000000 
25825.000000 29386.000000 
25866.000000 29363.000000 
25855.000000 29374.000000 
25925.000000 29354.000000 
25935.000000 29348.000000 
25961.000000 29329.000000 
25938.000000 29332.000000 
26015.000000 29322.000000 
25987.000000 29327.000000 
26017.000000 29318.000000 
26043.000000 29303.000000 
26068.000000 29287.000000 
26064.000000 29296.000000 
26122.000000 29263.000000 
26100.000000 29285.000000 
26175.000000 29242.000000 
26116.000000 29268.000000 
26150.000000 29262.000000 
26157.000000 29252.000000 
26183.000000 29229.000000 
26184.000000 29214.000000 
26182.000000 29230.000000 
26250.000000 29187.000000 
26248.000000 29191.000000 
26222.000000 29211.000000 
26293.000000 29166.000000 
26251.000000 29183.000000 
26323.000000 29131.000000 
26335.000000 29118.000000 
26330.000000 29124.000000 
26350.000000 29100.000000 
26381.000000 29075.000000 
26370.000000 29097.000000 
26378.000000 29079.000000 
26409.000000 29041.000000 
26446.000000 29020.000000 
26474.000000 28994.000000 
26449.000000 29019.000000 
26452.000000 29007.000000 
26511.000000 28962.000000 
26499.000000 28979.000000 
26509.000000 28966.000000 
26501.000000 28967.000000 
26599.000000 28903.000000 
26628.000000 28891.000000 
26746.000000 28808.000000 
26749.000000 28784.000000 
26806.000000 28726.000000 
26786.000000 28764.000000 
26770.000000 28770.000000 
26852.000000 28695.000000 
26843.000000 28698.000000 
26835.000000 28719.000000 
26839.000000 28712.000000 
26869.000000 28690.000000 
26832.000000 28723.000000 
26904.000000 28670.000000 
26906.000000 28655.000000 
26917.000000 28637.000000 
26973.000000 28631.000000 
26983.000000 28616.000000 
26987.000000 28611.000000 
26988.000000 28602.000000 
27047.000000 28581.000000 
27089.000000 28550.000000 
27122.000000 28516.000000 
27113.000000 28533.000000 
27124.000000 28514.000000 
27234.000000 28436.000000 
27224.000000 28443.000000 
27247.000000 28419.000000 
27243.000000 28422.000000 
27317.000000 28377.000000 
27313.000000 28411.000000 
27421.000000 28319.000000 
27414.000000 28333.000000 
27427.000000 28311.000000 
27446.000000 28279.000000 
27485.000000 28264.000000 
27527.000000 28229.000000 
27532.000000 28204.000000 
27509.000000 28245.000000 
27551.000000 28194.000000 
27548.000000 28197.000000 
27574.000000 28144.000000 
27575.000000 28143.000000 
27582.000000 28139.000000 
27598.000000 28124.000000 
27569.000000 28164.000000 
27584.000000 28137.000000 
27671.000000 28052.000000 
27672.000000 28040.000000 
27675.000000 28026.000000 
27679.000000 28021.000000 
27745.000000 27979.000000 
27716.000000 27993.000000 
27779.000000 27942.000000 
27812.000000 27917.000000 
27775.000000 27960.000000 
27781.000000 27929.000000 
27822.000000 27916.000000 
27864.000000 27849.000000 
27869.000000 27818.000000 
27845.000000 27851.000000 
27976.000000 27720.000000 
27973.000000 27739.000000 
27998.000000 27718.000000 
28040.000000 27667.000000 
28019.000000 27711.000000 
28056.000000 27652.000000 
28023.000000 27675.000000 
28151.000000 27569.000000 
28130.000000 27588.000000 
28119.000000 27630.000000 
28124.000000 27590.000000 
28190.000000 27558.000000 
28188.000000 27567.000000 
28199.000000 27556.000000 
28226.000000 27523.000000 
28222.000000 27544.000000 
28249.000000 27481.000000 
28238.000000 27515.000000 
28345.000000 27340.000000 
28331.000000 27367.000000 
28314.000000 27384.000000 
28355.000000 27323.000000 
28342.000000 27357.000000 
28350.000000 27339.000000 
28382.000000 27288.000000 
28375.000000 27309.000000 
28381.000000 27305.000000 
28393.000000 27280.000000 
28400.000000 27263.000000 
28435.000000 27218.000000 
28537.000000 27074.000000 
28606.000000 26985.000000 
28594.000000 27015.000000 
28597.000000 26997.000000 
28593.000000 27037.000000 
28685.000000 26859.000000 
28670.000000 26884.000000 
28688.000000 26855.000000 
28662.000000 26905.000000 
28674.000000 26878.000000 
28726.000000 26813.000000 
28723.000000 26828.000000 
28730.000000 26796.000000 
28734.000000 26795.000000 
28776.000000 26748.000000 
28753.000000 26792.000000 
28768.000000 26759.000000 
28784.000000 26737.000000 
28763.000000 26768.000000 
28783.000000 26744.000000 
28775.000000 26756.000000 
28812.000000 26703.000000 
28808.000000 26705.000000 
28826.000000 26689.000000 
28797.000000 26719.000000 
28914.000000 26525.000000 
28881.000000 26564.000000 
28918.000000 26505.000000 
28907.000000 26530.000000 
28931.000000 26490.000000 
28917.000000 26517.000000 
28935.000000 26487.000000 
28942.000000 26454.000000 
28959.000000 26453.000000 
28940.000000 26484.000000 
28970.000000 26444.000000 
29003.000000 26398.000000 
28978.000000 26402.000000 
28971.000000 26418.000000 
29036.000000 26290.000000 
29018.000000 26309.000000 
29015.000000 26386.000000 
29028.000000 26297.000000 
29041.000000 26284.000000 
29055.000000 26236.000000 
29054.000000 26252.000000 
29082.000000 26191.000000 
29122.000000 26148.000000 
29134.000000 26100.000000 
29109.000000 26179.000000 
29184.000000 25971.000000 
29180.000000 25988.000000 
29179.000000 25989.000000 
29222.000000 25928.000000 
29226.000000 25896.000000 
29227.000000 25885.000000 
29218.000000 25951.000000 
29243.000000 25869.000000 
29294.000000 25805.000000 
29299.000000 25744.000000 
29309.000000 25739.000000 
29321.000000 25690.000000 
29316.000000 25706.000000 
29327.000000 25689.000000 
29341.000000 25665.000000 
29329.000000 25672.000000 
29374.000000 25580.000000 
29358.000000 25648.000000 
29364.000000 25610.000000 
29373.000000 25591.000000 
29379.000000 25572.000000 
29372.000000 25600.000000 
29382.000000 25540.000000 
29385.000000 25535.000000 
29387.000000 25523.000000 
29393.000000 25512.000000 
29399.000000 25492.000000 
29406.000000 25481.000000 
29407.000000 25465.000000 
29411.000000 25450.000000 
29423.000000 25421.000000 
29412.000000 25444.000000 
29422.000000 25427.000000 
29437.000000 25385.000000 
29447.000000 25346.000000 
29466.000000 25282.000000 
29455.000000 25338.000000 
29495.000000 25211.000000 
29615.000000 24788.000000 
29624.000000 24751.000000 
29487.000000 25255.000000 
29461.000000 25312.000000 
29529.000000 25124.000000 
29492.000000 25229.000000 
